JD
2457587.81743055
2457587.81761574
2457587.81780093
2457587.81798611
2457587.8181713
2457587.83127315
2457587.83145833
2457587.83164352
2457587.83181713
2457587.83200231
2457587.73513889
2457587.73532407
2457587.73550926
2457587.73569444
2457587.73586806
2457587.75297454
2457587.75315972
2457587.75334491
2457587.75351852
2457587.7537037
2457587.77054398
2457587.77072917
2457587.77091435
2457587.77109954
2457587.77127315
2457587.78327546
2457587.78346065
2457587.78364583
2457587.78381944
2457587.78400463
