# [1] 2016071810EB1_001.fits - 
#   COL    LINE   COORDINATES      R    MAG    FLUX     SKY    PEAK    E   PA BETA ENCLOSED   MOFFAT DIRECT
 287.47  278.47 287.47 278.47  12.41  13.14  55382.   231.8   3707. 0.14  -73 9.68     3.22     4.85   4.14
 278.46  360.56 278.46 360.56  12.55  15.78   4895.   238.6   349.6 INDEF  -84 12.2     3.35     5.46   4.18
 221.82  325.24 221.82 325.24  11.71  16.21   3276.   233.7   197.1 INDEF  -17 13.3     3.18     5.52   3.90
 221.42  308.03 221.42 308.03  10.96  16.94   1668.   234.4   94.97 INDEF  -18 16.8     3.04     5.76   3.65
 314.92  325.19 314.92 325.19  12.82  16.16   3442.   233.7    216. 2.51  -72 9.70     3.49     5.18   4.27
 302.40  307.26 302.40 307.26  12.40  14.61  14271.   233.4   753.5 0.34   56 13.0     3.25     5.71   4.13
 262.66  274.00 262.66 274.00  16.84  16.52   2464.   233.1   164.3 INDEF    7 105.4     6.27     4.14   4.74
 262.48  273.92 262.48 273.92  16.84  16.51   2478.   233.1   154.2 INDEF   11 11.3     6.27     5.84   4.74
 229.25  258.25 229.25 258.25  12.29  15.63   5599.   230.7   282.2 0.34   -1 8.71     3.78     4.83   4.12
 381.61  265.38 381.61 265.38  27.03  14.77  12384.   231.5   85.27 INDEF    0 2025.3     8.27    79.52   9.01
 381.75  265.10 381.75 265.10  27.03  14.77  12405.   231.5   74.66 INDEF    8 2218.5     8.27    83.76   9.01
 363.42  199.87 363.42 199.87  11.39  16.53   2433.   231.5   160.3 13.8  -44 15.1     3.44     5.58   3.82
 264.17  188.59 264.17 188.59  10.94  16.94   1672.   232.2    102. 0.79  -57 8.00     3.06     4.10   3.65
 226.64  161.57 226.64 161.57  11.42  10.79 482633.   236.7  35366. 0.17  -75 11.0     2.94     4.77   3.81
 309.81  146.15 309.81 146.15  11.02  10.63 560045.   236.6  36901. 0.15  -73 12.5     2.95     5.01   3.67
 280.49  403.58 280.49 403.58  16.13   9.36 1.796E6   248.6  68994. 0.10  -78 7.36     4.11     5.69   5.38
