6.00000,292.63400,26.34300,18.04900,0.15300,328.72710,4.00000
26.00000,295.24700,85.20300,17.73000,0.14400,327.74770,4.00000
27.00000,352.83000,85.59500,17.82400,0.16500,330.66380,4.00000
45.00000,258.76500,120.28800,18.13800,0.18000,329.72070,4.00000
71.00000,262.91100,184.80100,17.14800,0.11800,329.30720,4.00000
89.00000,34.01300,233.92600,16.98600,0.10300,340.66030,4.00000
94.00000,321.94400,246.84900,17.88400,0.17000,327.08940,4.00000
142.00000,412.07900,374.56000,18.00800,0.18300,325.98470,4.00000
144.00000,290.24200,386.27700,17.23100,0.07100,336.37390,4.00000
145.00000,9.46500,389.11600,13.97100,0.09700,362.76560,4.00000
148.00000,120.04700,395.77300,17.02100,0.10200,347.77640,4.00000
158.00000,198.76400,422.46000,18.95900,0.46400,340.20510,4.00000
161.00000,404.51800,427.36000,17.43300,0.11700,328.28840,4.00000
172.00000,328.21100,454.58000,17.61500,0.16500,335.80910,4.00000
1.00000,225.19300,8.23400,17.44100,0.10900,329.80330,5.00000
3.00000,7.33800,15.89400,17.45300,0.17500,333.87250,5.00000
5.00000,509.25900,22.07800,15.37800,0.12400,330.56620,5.00000
10.00000,189.32200,30.50000,15.01400,0.10700,326.87870,5.00000
18.00000,334.46900,63.22200,15.63600,0.10400,331.29430,5.00000
20.00000,382.39200,68.98800,15.86200,0.08800,329.41410,5.00000
24.00000,276.26400,77.91500,15.47800,0.09400,329.68670,5.00000
57.00000,11.13300,148.90200,14.97500,0.10900,339.46150,5.00000
64.00000,396.95200,165.10700,17.88100,0.15600,329.85800,5.00000
70.00000,404.32800,183.95900,17.16900,0.10600,330.32320,5.00000
78.00000,290.29900,205.14800,18.88700,0.37200,328.49490,5.00000
97.00000,119.96600,254.69700,17.34700,0.11900,334.45410,5.00000
101.00000,383.17100,261.04900,15.59000,0.06900,327.04200,5.00000
108.00000,286.04400,275.12500,13.58900,0.08100,328.97340,5.00000
121.00000,306.29400,317.04600,19.36900,0.46000,328.44510,5.00000
133.00000,254.29800,353.73900,18.05500,0.19900,332.72860,5.00000
135.00000,277.03100,357.10300,15.78500,0.08000,333.41230,5.00000
160.00000,242.93800,428.14600,17.96700,0.15500,341.40100,5.00000
162.00000,212.27000,433.03100,19.06700,0.46400,336.81520,5.00000
178.00000,88.49800,475.71400,15.75400,0.08700,364.98660,5.00000
189.00000,433.39000,497.76400,16.91100,0.11000,332.36610,5.00000
4.00000,472.76500,16.38800,17.66400,0.16100,329.70970,6.00000
11.00000,323.70100,33.04900,17.57900,0.13000,328.43300,6.00000
15.00000,499.58700,45.04800,13.82600,0.12600,333.37980,6.00000
16.00000,188.04500,45.74100,17.73400,0.14300,327.22400,6.00000
17.00000,21.51200,57.66600,14.07800,0.13800,334.79910,6.00000
28.00000,451.13500,83.74000,19.08100,0.52200,331.12910,6.00000
30.00000,380.00000,89.61400,16.77200,0.08000,329.71110,6.00000
34.00000,85.30200,100.89100,16.90400,0.14000,330.65410,6.00000
38.00000,330.96900,108.81300,16.35100,0.08600,330.00130,6.00000
39.00000,148.37300,109.77700,16.56200,0.11900,327.67380,6.00000
40.00000,269.13400,110.26500,18.46600,0.26600,329.99950,6.00000
43.00000,372.35500,116.48100,16.98300,0.11700,332.54070,6.00000
44.00000,69.75300,118.94400,14.83600,0.11100,332.31390,6.00000
46.00000,288.33000,123.51400,16.50600,0.08800,329.66490,6.00000
51.00000,161.24100,135.77400,18.03400,0.17100,328.31740,6.00000
56.00000,40.58300,146.03100,15.62000,0.10800,339.02690,6.00000
58.00000,504.10600,148.90600,17.28000,0.10500,330.88800,6.00000
60.00000,432.45300,158.30300,18.44400,0.28000,331.42380,6.00000
62.00000,238.02500,162.52400,17.51700,0.10300,332.67550,6.00000
65.00000,38.18900,165.86200,16.63400,0.12700,338.72530,6.00000
66.00000,184.34600,166.66800,17.06600,0.10800,329.66770,6.00000
80.00000,474.91500,207.75200,19.15100,0.45000,329.01230,6.00000
81.00000,61.19200,209.43800,17.21000,0.11000,338.55090,6.00000
82.00000,55.12300,212.81700,17.03800,0.10900,337.85830,6.00000
85.00000,187.60300,227.68100,17.89600,0.14900,329.17430,6.00000
87.00000,148.00900,230.10100,17.72200,0.12300,327.90030,6.00000
99.00000,227.93200,254.75400,16.11400,0.07000,326.84890,6.00000
98.00000,135.44400,254.99900,13.19100,0.08400,333.48630,6.00000
113.00000,155.28000,295.92400,16.47600,0.10100,330.83410,6.00000
114.00000,333.61100,296.78000,19.33400,0.51400,327.82160,6.00000
116.00000,301.05400,303.67300,14.83400,0.07400,327.73440,6.00000
119.00000,165.85700,305.33800,16.96700,0.07000,327.77100,6.00000
125.00000,313.40200,321.70100,16.27000,0.06800,328.49830,6.00000
127.00000,413.14900,323.16100,13.34900,0.08300,329.11960,6.00000
131.00000,325.99100,349.97800,19.09500,0.41500,329.51820,6.00000
136.00000,199.86300,359.62200,15.06000,0.08100,332.85280,6.00000
141.00000,48.32400,374.17500,16.34000,0.07400,358.00890,6.00000
150.00000,195.67700,399.76800,17.58000,0.13700,339.36430,6.00000
151.00000,395.59500,402.07700,16.59400,0.09700,325.65930,6.00000
156.00000,235.63000,410.55500,19.22100,0.51000,338.28390,6.00000
157.00000,442.32700,415.57200,18.90300,0.40700,328.50680,6.00000
165.00000,365.21200,436.04800,16.53100,0.09500,331.56820,6.00000
176.00000,92.92100,471.11100,15.81100,0.08500,361.95790,6.00000
179.00000,15.66600,475.66300,18.69300,0.33300,366.58110,6.00000
182.00000,429.97000,482.97900,18.01000,0.18500,331.17430,6.00000
185.00000,169.20600,488.69600,18.30400,0.29200,352.53270,6.00000
186.00000,293.39800,494.39400,17.56800,0.13200,340.62180,6.00000
190.00000,55.87000,505.88800,16.96200,0.11800,363.93020,6.00000
2.00000,356.71300,14.67300,15.67400,0.12100,330.53250,7.00000
13.00000,34.37400,41.67900,19.19600,0.47300,335.37520,7.00000
14.00000,466.50300,44.41600,15.91900,0.11100,333.53960,7.00000
23.00000,70.10600,74.38600,18.85600,0.34200,332.41550,7.00000
41.00000,380.81800,111.70800,19.20200,0.50900,332.37140,7.00000
47.00000,227.75700,124.95400,17.65900,0.13000,327.92820,7.00000
50.00000,328.69000,134.97000,17.30900,0.10700,332.39050,7.00000
54.00000,308.34100,142.60400,10.85800,0.08500,340.85570,7.00000
63.00000,375.83800,163.68600,17.00800,0.11500,331.39320,7.00000
67.00000,380.19100,166.61900,16.12100,0.08900,331.31770,7.00000
74.00000,362.09900,196.47100,16.57900,0.08400,328.82140,7.00000
76.00000,64.63500,198.38100,17.04400,0.11500,337.87730,7.00000
77.00000,32.39500,200.61700,13.83800,0.10000,339.92280,7.00000
83.00000,399.97500,216.65400,17.80500,0.15200,329.45600,7.00000
84.00000,438.02300,219.89600,15.44200,0.09300,328.68570,7.00000
88.00000,498.02700,232.36800,14.91900,0.08200,327.09210,7.00000
91.00000,102.30700,241.26800,14.48100,0.08000,335.45100,7.00000
105.00000,261.09900,270.51800,16.57000,0.10500,329.61150,7.00000
109.00000,181.17800,277.66400,17.19100,0.14600,329.85640,7.00000
117.00000,219.93500,304.50700,16.81800,0.10200,329.04080,7.00000
122.00000,350.39500,317.29900,16.10400,0.07200,325.98150,7.00000
124.00000,220.25400,321.62600,16.12100,0.07100,328.13090,7.00000
128.00000,446.26300,327.51500,13.69800,0.08300,328.10960,7.00000
129.00000,5.16400,330.92300,19.12200,0.46400,354.91350,7.00000
143.00000,154.23400,385.38100,16.79800,0.09400,341.15720,7.00000
159.00000,258.79700,424.29900,16.60500,0.11100,342.01510,7.00000
164.00000,280.11300,435.42600,18.94300,0.50100,339.62370,7.00000
170.00000,7.55800,450.60200,16.99400,0.12300,361.65690,7.00000
174.00000,458.33600,465.60400,14.05600,0.08300,329.02240,7.00000
177.00000,80.35800,473.42200,15.10700,0.07500,365.35350,7.00000
192.00000,5.73000,508.54200,16.85200,0.10500,368.84570,7.00000
59.00000,225.18000,158.15400,11.00400,0.09300,342.98880,8.00000
92.00000,389.08800,242.06500,19.27400,0.51000,327.52700,8.00000
102.00000,377.10400,262.42800,15.72000,0.09100,327.99380,8.00000
140.00000,156.59700,370.40900,18.91800,0.46200,337.33110,8.00000
149.00000,279.12800,399.18700,10.97400,0.31700,388.15920,8.00000
153.00000,279.18700,400.68900,10.22300,0.12800,389.97430,8.00000
163.00000,339.50700,433.38500,16.07400,0.08700,332.21660,8.00000
167.00000,306.32400,445.29200,18.18800,0.17900,333.27570,8.00000
188.00000,296.53000,496.86400,19.09700,0.41300,340.68180,8.00000
25.00000,67.41400,81.71100,18.98500,0.37000,329.77600,9.00000
147.00000,285.99700,395.05400,16.82100,0.10400,359.50010,12.00000
73.00000,150.26800,189.77300,18.14200,0.20200,328.14960,13.00000
152.00000,270.95000,398.77200,16.19800,0.10300,356.38750,34.00000
