10.00000,289.28100,32.12000,17.88800,0.15600,217.83840,4.00000
51.00000,137.02300,178.27000,18.40300,0.24500,217.37440,4.00000
54.00000,404.10600,196.19700,17.48700,0.12100,216.96800,4.00000
78.00000,379.74000,266.46300,15.45900,0.08200,218.69690,4.00000
115.00000,89.73400,476.38300,15.67200,0.08800,220.49450,4.00000
1.00000,244.70500,3.81500,17.59600,0.16800,217.72270,5.00000
4.00000,221.67600,13.70800,17.11800,0.11700,217.09280,5.00000
6.00000,353.22800,20.01000,15.49500,0.12300,219.28090,5.00000
7.00000,3.90200,21.05200,17.29700,0.13600,214.86570,5.00000
8.00000,469.25500,21.92000,17.51100,0.12300,219.32590,5.00000
9.00000,505.79500,27.61900,15.23700,0.10900,221.25910,5.00000
11.00000,108.39200,33.03300,17.84800,0.15300,217.08220,5.00000
13.00000,72.24300,45.45500,17.95100,0.16500,216.77500,5.00000
16.00000,184.84400,51.17700,17.71100,0.13600,216.23890,5.00000
17.00000,73.28500,59.65200,17.88500,0.11800,217.05290,5.00000
18.00000,18.15300,62.94100,14.01200,0.13100,217.85390,5.00000
23.00000,376.41300,95.04800,16.80100,0.09500,218.57400,5.00000
30.00000,284.93800,128.86900,16.30700,0.10100,220.49550,5.00000
36.00000,304.93900,148.07600,10.78900,0.09100,231.31940,5.00000
40.00000,500.65700,154.53400,17.23800,0.07800,219.38190,5.00000
43.00000,234.80800,167.72700,17.23200,0.09800,223.72210,5.00000
45.00000,372.47300,169.04900,17.03100,0.12900,220.18120,5.00000
48.00000,393.44800,170.79600,17.54500,0.10800,218.27380,5.00000
49.00000,180.98200,172.07000,16.84100,0.07500,217.46650,5.00000
52.00000,400.98000,189.37500,16.97800,0.11500,216.70370,5.00000
56.00000,358.60100,201.86600,16.40900,0.07500,216.20040,5.00000
59.00000,501.15000,213.11900,17.87100,0.18500,219.52940,5.00000
61.00000,51.72400,218.28800,16.98000,0.09700,215.97140,5.00000
62.00000,489.76100,218.78900,18.29600,0.24800,219.27890,5.00000
66.00000,184.26600,233.28900,17.88600,0.15700,216.05860,5.00000
76.00000,116.66000,260.21700,17.28000,0.11400,218.36090,5.00000
80.00000,257.74200,275.93100,16.46600,0.07600,218.74970,5.00000
82.00000,177.56400,283.17900,17.05800,0.11300,218.52790,5.00000
83.00000,152.00700,301.23800,16.29700,0.08700,218.79610,5.00000
85.00000,216.52700,309.83600,16.77900,0.09200,217.89910,5.00000
99.00000,116.76700,401.14700,16.97600,0.08400,216.58720,5.00000
100.00000,192.18000,404.90600,17.48400,0.10000,218.97890,5.00000
104.00000,260.05900,411.07700,18.65200,0.29800,236.46060,5.00000
107.00000,239.51400,433.33700,17.63900,0.13200,223.18200,5.00000
111.00000,324.97100,459.76800,17.52400,0.10600,217.74850,5.00000
3.00000,413.95800,5.96300,18.07500,0.15900,217.91310,6.00000
12.00000,185.89600,35.83800,14.91700,0.10800,215.75110,6.00000
14.00000,462.97200,49.78200,15.76600,0.11500,217.67560,6.00000
20.00000,378.97900,74.45700,15.83000,0.10600,218.04970,6.00000
21.00000,272.85600,83.36200,15.38300,0.08700,218.80840,6.00000
25.00000,81.95800,106.09700,16.94400,0.11000,216.77530,6.00000
26.00000,327.55600,114.29600,16.19700,0.09600,218.21220,6.00000
28.00000,368.73000,121.73800,16.83800,0.08400,218.43740,6.00000
29.00000,66.41800,124.43200,14.70400,0.10400,216.98120,6.00000
31.00000,224.57700,130.24700,17.71000,0.12000,219.16820,6.00000
34.00000,157.72800,141.36700,17.79900,0.13600,217.61360,6.00000
38.00000,37.30400,151.41900,15.55200,0.11200,217.78770,6.00000
39.00000,7.78400,154.36600,14.92100,0.10300,217.23590,6.00000
41.00000,221.79800,163.54400,10.88700,0.10500,229.65080,6.00000
46.00000,34.75100,171.30400,16.46100,0.09600,215.95310,6.00000
47.00000,376.79800,172.01400,16.02800,0.07900,220.40110,6.00000
53.00000,259.45400,190.28000,17.02900,0.08900,218.28710,6.00000
57.00000,61.16200,203.73000,17.01300,0.07800,213.79170,6.00000
58.00000,29.11300,206.01400,13.76300,0.10700,217.77630,6.00000
63.00000,396.51000,222.26900,17.75400,0.14700,217.87350,6.00000
64.00000,434.52800,225.26400,15.27300,0.10100,217.84300,6.00000
68.00000,30.78600,239.35400,16.84500,0.09700,214.63670,6.00000
70.00000,99.00900,246.69400,14.42900,0.09800,216.96230,6.00000
74.00000,70.14800,254.58200,18.25500,0.16900,217.49900,6.00000
77.00000,132.09000,260.36300,13.11200,0.10200,220.66540,6.00000
79.00000,373.78100,267.92500,15.63700,0.08400,218.20220,6.00000
84.00000,297.54500,309.18900,14.68600,0.10000,217.54460,6.00000
88.00000,216.86900,327.20800,16.03300,0.07400,217.07940,6.00000
93.00000,196.44900,365.19800,14.99400,0.11600,219.75850,6.00000
94.00000,45.06300,379.52600,16.22700,0.10600,215.66960,6.00000
95.00000,150.88500,390.57100,16.57900,0.08700,218.15590,6.00000
98.00000,6.19300,394.48600,13.88600,0.10500,217.50740,6.00000
103.00000,392.23300,407.27600,16.42900,0.14100,218.74580,6.00000
106.00000,255.46100,429.67400,16.61700,0.11700,225.99280,6.00000
108.00000,336.20200,438.76500,16.03100,0.10100,219.43450,6.00000
110.00000,302.68000,451.06700,18.11100,0.16200,220.59940,6.00000
112.00000,421.58300,468.57800,16.96200,0.09400,217.74620,6.00000
113.00000,454.97400,471.10700,13.99200,0.10000,221.77540,6.00000
119.00000,290.13600,499.43400,17.64400,0.14700,219.89570,6.00000
120.00000,430.02200,503.21500,16.90500,0.11400,222.20290,6.00000
19.00000,331.06800,68.76400,15.56800,0.10800,217.07100,7.00000
22.00000,291.46700,90.57500,17.63900,0.12000,218.20060,7.00000
24.00000,382.79200,99.12100,17.86700,0.12200,218.23960,7.00000
27.00000,145.04600,115.18300,16.55100,0.10200,218.00370,7.00000
33.00000,325.32600,140.16500,17.24200,0.09900,223.01260,7.00000
42.00000,428.81800,163.77900,18.48000,0.20100,218.56730,7.00000
60.00000,57.91100,214.81000,17.07600,0.09400,214.92520,7.00000
71.00000,453.01000,246.72400,18.01600,0.17000,217.38990,7.00000
72.00000,98.80700,252.60600,17.13400,0.09500,217.07240,7.00000
75.00000,224.49300,260.09900,15.97300,0.09400,216.70070,7.00000
81.00000,282.64400,280.41000,13.14900,0.10300,219.78320,7.00000
92.00000,273.62400,362.35200,15.70900,0.10000,224.07120,7.00000
96.00000,286.67600,391.77000,17.28400,0.11000,234.33140,7.00000
102.00000,275.79400,406.55600,10.33800,0.16000,263.60450,7.00000
116.00000,77.11100,478.81100,15.11100,0.09100,218.35550,7.00000
121.00000,52.55900,511.34500,16.83500,0.12400,216.46650,7.00000
2.00000,68.11200,5.28100,14.87700,0.14400,215.08390,8.00000
15.00000,496.24600,50.38400,13.84700,0.12800,219.22990,8.00000
67.00000,144.53700,235.43100,17.50800,0.12400,218.51620,8.00000
73.00000,318.78800,252.46600,17.91100,0.14800,217.16700,8.00000
87.00000,346.97800,322.74700,16.16900,0.07500,219.80930,8.00000
89.00000,310.06700,327.23600,16.17000,0.11100,217.11120,8.00000
90.00000,409.75000,328.42800,13.18100,0.09400,218.61110,8.00000
91.00000,442.87900,333.04200,13.65000,0.09300,221.05310,8.00000
109.00000,361.70000,441.35400,16.31400,0.09000,218.37770,8.00000
114.00000,85.82300,476.91400,17.43700,0.16500,219.93750,8.00000
117.00000,85.21000,481.18000,15.81900,0.11800,220.14280,8.00000
86.00000,344.97900,319.84600,18.11600,0.26800,220.21440,10.00000
101.00000,276.01600,404.26000,10.55500,0.20200,263.21830,13.00000
