2.00000,226.80600,11.95600,17.24400,0.13600,228.57680,4.00000
6.00000,510.95200,25.80700,15.29300,0.11400,229.48300,4.00000
42.00000,239.59800,166.00700,17.41200,0.09600,237.65350,4.00000
54.00000,65.93500,202.05300,17.15900,0.13800,234.08620,4.00000
58.00000,401.78500,220.28000,17.84500,0.14800,229.88200,4.00000
60.00000,149.48400,234.03700,17.80700,0.17200,231.73490,4.00000
9.00000,190.87700,34.10700,14.98500,0.10600,229.17020,5.00000
12.00000,468.00100,48.02400,15.87000,0.10600,231.55210,5.00000
14.00000,189.77400,49.44700,17.78100,0.10400,229.49340,5.00000
23.00000,387.31400,97.36200,18.27400,0.25100,230.99660,5.00000
28.00000,373.81700,120.06900,16.86500,0.11100,228.97340,5.00000
31.00000,289.89000,127.19300,16.35800,0.07300,233.58710,5.00000
41.00000,226.75600,161.76200,10.98000,0.08700,241.55910,5.00000
73.00000,256.36900,270.86800,17.43500,0.11700,229.32800,5.00000
76.00000,182.56900,281.27900,17.12700,0.09400,228.50050,5.00000
80.00000,302.53600,307.32100,14.76300,0.09000,232.51900,5.00000
82.00000,221.54500,308.13600,16.80300,0.08500,232.07900,5.00000
81.00000,167.38900,309.12800,16.87000,0.10900,232.66530,5.00000
105.00000,406.08600,431.07600,17.54900,0.10500,231.44580,5.00000
106.00000,244.71000,431.77400,17.65500,0.12300,233.78770,5.00000
111.00000,426.56400,466.84000,17.12900,0.11100,233.31300,5.00000
115.00000,90.07600,479.24300,15.71500,0.09500,244.26850,5.00000
118.00000,7.48900,512.16600,16.56200,0.07800,249.56200,5.00000
1.00000,73.03900,3.68400,14.87200,0.12600,232.82030,6.00000
4.00000,8.99100,19.58500,17.25500,0.15000,230.30390,6.00000
10.00000,325.49200,36.92800,17.79500,0.11500,230.30460,6.00000
13.00000,501.18700,48.70400,13.86600,0.11300,232.15720,6.00000
16.00000,78.11700,58.05200,17.72500,0.17400,233.17500,6.00000
19.00000,383.95300,72.65800,15.91600,0.10700,230.53420,6.00000
20.00000,277.86300,81.63600,15.49000,0.10100,230.83230,6.00000
24.00000,86.84600,104.57100,16.90100,0.14000,231.70680,6.00000
27.00000,149.98300,113.53500,16.64600,0.09700,230.61840,6.00000
29.00000,71.33800,122.64100,14.84800,0.11900,232.82440,6.00000
32.00000,229.51300,128.45500,17.64300,0.14200,230.85640,6.00000
34.00000,330.16900,138.45600,17.36400,0.12800,236.70350,6.00000
35.00000,162.94700,139.30100,17.74000,0.11700,230.24390,6.00000
37.00000,42.17900,149.67600,15.59100,0.12000,232.94280,6.00000
38.00000,12.78200,152.61100,14.98400,0.10200,234.40710,6.00000
44.00000,398.60900,168.94200,17.69000,0.14600,228.52940,6.00000
45.00000,39.84700,169.60600,16.49300,0.10300,233.96870,6.00000
51.00000,151.94400,192.86800,18.07300,0.14700,230.93560,6.00000
52.00000,409.00500,194.47800,17.48100,0.13700,229.49670,6.00000
56.00000,63.05400,213.19100,17.20100,0.14600,232.91090,6.00000
57.00000,56.81600,216.54700,17.03200,0.12700,233.34960,6.00000
62.00000,35.66500,237.65700,16.96600,0.10900,233.00170,6.00000
63.00000,103.91700,244.92500,14.54000,0.08400,232.06800,6.00000
64.00000,457.91700,245.00900,18.21100,0.18400,229.64710,6.00000
69.00000,137.01500,258.54800,13.20600,0.08500,234.89220,6.00000
72.00000,378.74000,266.18000,15.70000,0.08900,231.45390,6.00000
75.00000,287.63600,278.73300,13.42000,0.08600,234.22770,6.00000
79.00000,174.59900,299.41000,18.99000,0.35800,230.07500,6.00000
86.00000,414.79600,326.73700,13.35600,0.08400,232.00570,6.00000
91.00000,278.62500,360.79800,15.83600,0.10000,236.37090,6.00000
93.00000,49.96100,377.75300,16.47100,0.08500,237.00020,6.00000
94.00000,2.20700,378.71400,17.99900,0.21400,239.05670,6.00000
95.00000,155.81600,388.77900,16.72600,0.08300,234.37520,6.00000
97.00000,11.08900,392.72200,14.02600,0.09900,239.21750,6.00000
101.00000,397.24500,405.59000,16.62600,0.10800,231.38200,6.00000
104.00000,260.48600,428.15400,16.69600,0.11400,239.13630,6.00000
107.00000,341.12300,437.19600,16.07300,0.09700,233.11870,6.00000
109.00000,9.35900,454.32900,16.98700,0.09200,237.79600,6.00000
110.00000,330.17700,458.35000,17.47500,0.09200,232.90630,6.00000
113.00000,94.61000,474.63100,15.83600,0.07900,242.34500,6.00000
114.00000,82.01200,477.15600,15.24500,0.09000,242.60860,6.00000
117.00000,57.61800,509.59900,16.99800,0.12100,241.82210,6.00000
3.00000,358.18600,18.25500,15.64900,0.10900,231.20570,7.00000
5.00000,474.35000,20.03500,17.68000,0.15900,229.36610,7.00000
7.00000,294.05300,29.90400,18.17000,0.18400,231.03910,7.00000
8.00000,113.37200,31.46600,18.35500,0.20300,232.51600,7.00000
17.00000,23.09200,61.19600,14.09500,0.12200,234.92950,7.00000
18.00000,336.08600,66.94700,15.68200,0.10400,230.31340,7.00000
21.00000,354.60200,89.47300,18.06800,0.20700,228.23360,7.00000
22.00000,381.71300,93.35600,16.98900,0.12800,231.07160,7.00000
25.00000,332.67300,112.57700,16.29400,0.09700,230.34940,7.00000
30.00000,260.38600,124.01200,18.09100,0.22000,230.70920,7.00000
39.00000,505.56800,152.87900,17.54100,0.13300,227.70430,7.00000
43.00000,377.60300,167.30200,17.01500,0.11800,231.19420,7.00000
47.00000,381.84500,170.29700,16.13200,0.07300,229.83590,7.00000
46.00000,185.87300,170.36500,17.08300,0.10100,229.88440,7.00000
49.00000,405.85400,187.52600,17.08300,0.09600,229.46320,7.00000
50.00000,264.32800,188.53100,17.07700,0.08700,230.91570,7.00000
53.00000,363.65400,200.27900,16.56900,0.08400,228.44240,7.00000
55.00000,34.04700,204.22800,13.85900,0.10000,236.56140,7.00000
61.00000,499.63400,236.13200,14.97200,0.09900,229.97790,7.00000
65.00000,103.78100,250.68100,17.13600,0.08500,233.31950,7.00000
71.00000,384.89800,264.80900,15.63400,0.07400,229.58140,7.00000
74.00000,262.78500,274.17000,16.55200,0.08100,231.65210,7.00000
78.00000,156.92300,299.27900,16.53200,0.09800,230.51720,7.00000
83.00000,351.94000,321.18800,16.18900,0.08100,230.54180,7.00000
88.00000,148.86700,331.30100,19.14700,0.41400,232.14820,7.00000
92.00000,201.33200,363.32900,15.05700,0.09600,233.15390,7.00000
98.00000,121.66000,399.32800,17.10100,0.09300,234.35880,7.00000
100.00000,196.95200,403.29900,17.60000,0.12500,232.83840,7.00000
36.00000,309.91100,146.28000,10.80600,0.08200,243.27660,8.00000
59.00000,439.61400,223.40400,15.44300,0.10000,229.75400,8.00000
70.00000,229.36800,258.35700,15.96500,0.08700,231.16790,8.00000
68.00000,121.86000,258.39100,17.34700,0.12900,233.61560,8.00000
84.00000,221.84100,325.33100,16.13500,0.07300,231.71150,8.00000
85.00000,315.06800,325.45900,16.27300,0.08300,230.58470,8.00000
87.00000,447.90600,331.23100,13.66200,0.08400,233.00730,8.00000
96.00000,291.87900,390.05200,17.25000,0.09000,247.46610,8.00000
108.00000,366.83400,439.69600,16.58200,0.10000,231.97720,8.00000
112.00000,459.98300,469.26000,14.03700,0.08700,231.53260,8.00000
116.00000,435.09500,501.22400,17.03500,0.10600,233.24890,8.00000
66.00000,323.84500,250.50500,17.86900,0.13300,229.64500,9.00000
103.00000,280.50700,404.57000,10.20700,0.11500,282.51790,18.00000
99.00000,280.95700,402.49700,10.88800,0.43200,282.60880,23.00000
