6.00000,464.58400,21.47000,17.42300,0.19700,286.92550,4.00000
8.00000,284.32700,31.41000,17.90000,0.17900,286.98970,4.00000
10.00000,478.24700,34.39500,18.31700,0.18900,287.72890,4.00000
14.00000,67.63400,45.26600,17.82800,0.11500,285.66810,4.00000
20.00000,180.03300,51.01500,17.70000,0.15200,285.79580,4.00000
53.00000,141.75300,151.29000,19.21000,0.49100,289.05900,4.00000
52.00000,32.51200,151.28500,15.48300,0.10900,284.95940,4.00000
58.00000,424.15300,163.89800,18.55800,0.28000,293.13240,4.00000
68.00000,142.15900,194.75300,17.79800,0.14000,289.24220,4.00000
75.00000,255.02000,233.10600,19.34100,0.54000,290.90230,4.00000
78.00000,26.01400,239.09800,16.80900,0.10300,285.17050,4.00000
126.00000,297.99100,451.03800,17.95600,0.15500,296.14730,4.00000
136.00000,421.47900,488.06900,17.66400,0.14300,297.12080,4.00000
1.00000,239.99300,3.58800,17.57700,0.14300,285.13860,5.00000
3.00000,408.86500,5.90600,17.87000,0.16900,287.74080,5.00000
4.00000,216.89700,13.54500,17.10300,0.11900,286.35320,5.00000
5.00000,348.48400,19.78200,15.51800,0.12400,287.22470,5.00000
9.00000,103.92000,33.02900,18.23400,0.25200,285.45950,5.00000
12.00000,181.16000,35.63000,14.90100,0.11500,287.74380,5.00000
16.00000,280.22900,44.97000,19.12800,0.41400,284.37950,5.00000
15.00000,159.01500,45.09000,18.99400,0.40900,287.40130,5.00000
19.00000,491.48400,50.15700,13.74200,0.13500,286.80850,5.00000
21.00000,68.41100,59.05700,17.97300,0.19500,286.63750,5.00000
22.00000,13.38700,62.75300,14.00100,0.14000,284.43190,5.00000
25.00000,121.26200,71.97200,18.43100,0.21700,286.62060,5.00000
26.00000,374.26000,74.11500,15.76600,0.11100,287.78100,5.00000
27.00000,500.85600,75.25400,18.88700,0.37900,286.49040,5.00000
30.00000,286.69100,90.73500,17.68400,0.10700,287.90550,5.00000
38.00000,140.31100,114.95200,16.48100,0.11300,287.70860,5.00000
39.00000,260.90300,115.72600,18.08100,0.19500,288.31210,5.00000
40.00000,364.07100,121.59000,16.79900,0.09400,291.97360,5.00000
41.00000,61.60800,124.14600,14.72700,0.11300,287.16380,5.00000
42.00000,250.90700,125.60100,17.62800,0.13500,288.54530,5.00000
43.00000,280.13300,128.61900,16.28500,0.08600,291.68090,5.00000
44.00000,374.19100,129.19000,18.11000,0.19100,294.43100,5.00000
48.00000,320.27300,140.16200,17.16900,0.11900,297.38420,5.00000
49.00000,153.13600,141.08200,17.49900,0.09800,287.28150,5.00000
51.00000,300.17400,147.80500,10.79800,0.09000,307.47500,5.00000
57.00000,217.03800,163.38600,10.86800,0.09600,305.19950,5.00000
61.00000,367.84600,168.88400,16.72800,0.10200,295.13480,5.00000
63.00000,388.94900,170.66400,17.57000,0.12000,295.08100,5.00000
64.00000,175.99000,172.00600,16.87100,0.09000,290.01070,5.00000
66.00000,484.68200,172.83200,19.36800,0.48400,288.72680,5.00000
67.00000,254.70600,190.03800,17.05900,0.11600,291.51080,5.00000
70.00000,24.32500,205.78600,13.71600,0.11500,285.04380,5.00000
71.00000,496.59800,212.82200,17.91400,0.14100,291.96030,5.00000
80.00000,94.21900,246.51400,14.34900,0.08600,290.03960,5.00000
83.00000,313.90800,252.21500,17.66100,0.10900,292.94570,5.00000
84.00000,112.04700,259.99100,17.31800,0.13100,292.40650,5.00000
85.00000,127.32400,260.18800,13.04600,0.09500,294.44890,5.00000
86.00000,375.02200,266.35200,15.42500,0.07500,297.98170,5.00000
87.00000,246.47600,272.21400,17.45200,0.14100,293.66660,5.00000
88.00000,253.01300,275.84000,16.47800,0.09400,294.73390,5.00000
92.00000,211.84700,309.81300,16.75000,0.09400,293.86800,5.00000
95.00000,136.42000,312.29400,18.78900,0.30100,290.76230,5.00000
97.00000,405.00800,328.31800,13.15100,0.08800,296.10310,5.00000
105.00000,191.70900,364.89300,14.87400,0.08600,292.70530,5.00000
109.00000,246.62500,378.21500,19.06800,0.41200,298.87430,5.00000
108.00000,40.21400,379.38000,16.21700,0.08000,286.42470,5.00000
110.00000,146.21800,390.37700,16.56600,0.08800,291.29930,5.00000
115.00000,387.55200,407.17100,16.37100,0.08800,296.34860,5.00000
118.00000,485.91000,407.88000,17.99600,0.12100,296.40950,5.00000
123.00000,396.46800,432.69200,17.39500,0.11300,295.87730,5.00000
124.00000,357.11600,441.46000,16.35600,0.09100,298.07570,5.00000
131.00000,84.99300,476.25400,15.70300,0.06500,290.41510,5.00000
2.00000,63.35800,5.07200,14.83300,0.14300,284.68090,6.00000
7.00000,501.08400,27.23400,15.29900,0.14100,287.37630,6.00000
13.00000,315.67800,38.40200,17.53500,0.12600,285.22800,6.00000
23.00000,326.26900,68.52300,15.54300,0.10800,289.01470,6.00000
28.00000,268.15700,83.11800,15.38600,0.11400,288.71180,6.00000
31.00000,344.70100,90.94400,17.72600,0.13700,290.47100,6.00000
33.00000,371.84000,94.81200,16.73500,0.08300,288.88540,6.00000
34.00000,377.94100,98.63400,17.90100,0.15900,291.10590,6.00000
36.00000,77.17100,106.04100,16.69500,0.11000,287.09250,6.00000
37.00000,322.85600,114.01900,16.17800,0.08500,289.36830,6.00000
45.00000,219.76200,129.95500,17.64100,0.15900,288.91220,6.00000
54.00000,3.06600,154.13000,14.92300,0.11800,285.61700,6.00000
55.00000,495.88000,154.15000,17.12200,0.11200,290.41630,6.00000
60.00000,230.11900,167.53600,17.20600,0.10900,295.91780,6.00000
62.00000,30.05500,171.08900,16.45900,0.10500,284.47200,6.00000
69.00000,399.40700,196.07600,17.55700,0.16600,297.59190,6.00000
72.00000,53.13900,214.60000,16.98700,0.10700,283.92540,6.00000
73.00000,47.09100,218.22900,16.93400,0.10100,283.58360,6.00000
74.00000,179.43300,232.99700,17.82500,0.10900,290.12510,6.00000
77.00000,489.88400,237.58700,14.81600,0.09600,292.84700,6.00000
89.00000,277.88100,280.36900,13.35100,0.07600,296.28740,6.00000
90.00000,147.23800,301.09400,16.27600,0.09100,291.87480,6.00000
93.00000,292.85900,308.94100,14.67700,0.08800,295.08010,6.00000
94.00000,157.61500,310.64600,16.84800,0.09600,292.34090,6.00000
104.00000,268.89500,362.34200,15.61300,0.07800,300.30870,6.00000
114.00000,187.44000,405.35400,17.61000,0.12100,293.65630,6.00000
122.00000,250.72300,429.62000,16.49900,0.10400,300.11410,6.00000
129.00000,416.92600,468.59800,16.88400,0.09200,297.50670,6.00000
133.00000,80.39100,480.87600,15.66100,0.09100,292.63750,6.00000
138.00000,425.37800,502.92300,16.87500,0.10600,297.60250,6.00000
65.00000,372.09100,171.82300,16.04600,0.09000,294.58020,7.00000
82.00000,94.05000,252.20700,17.19900,0.11600,289.14170,7.00000
99.00000,438.15800,332.76600,13.60100,0.10100,297.91620,7.00000
102.00000,292.22300,347.29400,18.98400,0.46100,297.41840,7.00000
111.00000,112.03000,400.99300,17.05000,0.10000,289.04740,7.00000
113.00000,271.06900,405.43700,9.82400,0.07800,344.54170,7.00000
76.00000,140.10000,235.52500,17.57000,0.12000,291.71200,8.00000
130.00000,450.25600,470.86600,14.00400,0.10100,298.04960,8.00000
132.00000,72.36300,478.52500,15.06600,0.10300,290.22390,8.00000
18.00000,458.27200,49.55700,15.90000,0.13900,287.84560,9.00000
96.00000,342.20800,322.55500,16.06800,0.08300,294.93930,9.00000
103.00000,8.04100,352.51800,19.27600,0.50800,283.91040,9.00000
101.00000,270.46100,339.79900,19.29800,0.54000,298.43450,13.00000
