10.00000,107.89800,33.34300,18.01300,0.18200,215.09210,4.00000
2.00000,67.58600,5.36300,14.72100,0.13800,216.46860,5.00000
6.00000,3.40900,21.08400,17.23000,0.15300,214.67360,5.00000
11.00000,185.36000,35.87900,14.93600,0.13100,217.65440,5.00000
12.00000,319.87900,38.63300,17.44600,0.12500,217.49290,5.00000
15.00000,184.19400,51.37900,17.72800,0.13900,216.71380,5.00000
16.00000,72.61500,59.34400,17.72200,0.12900,216.27110,5.00000
22.00000,291.16500,90.60000,17.72200,0.13700,215.37470,5.00000
26.00000,181.68800,98.23800,19.19100,0.45800,217.49560,5.00000
41.00000,36.73300,151.44600,15.43400,0.11100,214.87670,5.00000
43.00000,500.02900,154.47400,17.20200,0.11200,217.11290,5.00000
56.00000,358.09700,201.95000,16.44600,0.08900,216.33160,5.00000
57.00000,60.72500,203.73600,17.03200,0.09200,216.64340,5.00000
60.00000,500.70300,212.99400,17.90600,0.17700,218.95250,5.00000
82.00000,177.16700,283.03800,16.98100,0.09000,216.17720,5.00000
93.00000,273.03700,362.56500,15.67000,0.09200,220.17800,5.00000
94.00000,195.87300,365.06100,14.88100,0.08000,217.66250,5.00000
100.00000,275.28300,405.53100,9.81500,0.06700,264.21260,5.00000
107.00000,324.47600,460.06100,17.46800,0.14200,219.46360,5.00000
1.00000,244.26100,3.82500,17.60800,0.12700,217.13560,6.00000
3.00000,413.26400,6.37300,18.02500,0.16300,217.98560,6.00000
5.00000,352.70900,20.03200,15.54000,0.12000,218.14880,6.00000
9.00000,288.08600,31.54700,17.79000,0.14700,217.42690,6.00000
14.00000,495.76300,50.51100,13.78000,0.12500,219.91500,6.00000
17.00000,17.60700,62.99800,13.93500,0.14600,216.88930,6.00000
18.00000,378.52100,74.38400,15.91900,0.12300,217.05600,6.00000
20.00000,272.37800,83.41200,15.47100,0.11000,215.71330,6.00000
21.00000,28.74100,86.12700,18.73200,0.28600,213.11290,6.00000
23.00000,348.78200,91.37600,17.57300,0.11900,212.90490,6.00000
24.00000,376.07100,94.98300,16.81500,0.10600,217.43260,6.00000
25.00000,382.00500,98.87500,17.91100,0.13000,216.84300,6.00000
27.00000,81.44500,106.10500,16.88500,0.12900,216.87900,6.00000
28.00000,327.05800,114.24600,16.22000,0.10200,218.11690,6.00000
29.00000,144.57900,115.13800,16.52500,0.11700,216.55880,6.00000
31.00000,368.30900,121.83100,16.94100,0.11700,216.91900,6.00000
32.00000,65.83900,124.41800,14.73700,0.09700,217.22890,6.00000
33.00000,255.07300,125.90300,17.50600,0.11500,218.07510,6.00000
37.00000,224.00200,130.29200,17.62300,0.11100,217.88800,6.00000
38.00000,324.75000,140.34800,16.97800,0.12000,222.52190,6.00000
42.00000,7.26300,154.34700,14.95400,0.12700,215.56550,6.00000
44.00000,221.23700,163.55600,10.94000,0.07700,229.39460,6.00000
48.00000,372.06500,169.04400,16.96900,0.11400,217.32060,6.00000
49.00000,392.88900,171.04900,17.71500,0.16600,218.12740,6.00000
50.00000,34.30000,171.27800,16.55100,0.12100,215.26140,6.00000
53.00000,400.51100,189.18600,17.13200,0.09600,217.32880,6.00000
55.00000,146.50000,194.89200,18.02000,0.13800,216.58300,6.00000
58.00000,28.54600,206.01500,13.68300,0.11500,215.63030,6.00000
61.00000,57.52000,214.66100,17.12100,0.11300,216.04250,6.00000
62.00000,51.19000,218.43600,17.15000,0.11600,215.09520,6.00000
65.00000,395.90100,222.12800,17.59100,0.11800,216.14670,6.00000
67.00000,183.85500,233.18700,17.84400,0.15100,216.30950,6.00000
70.00000,30.15300,239.33400,16.86200,0.10200,213.77420,6.00000
71.00000,452.44400,246.42100,17.99100,0.13900,215.94970,6.00000
72.00000,508.03500,251.35400,18.53400,0.24400,218.12130,6.00000
73.00000,98.39000,252.13300,17.13500,0.12800,218.22730,6.00000
74.00000,318.06100,252.54000,17.84900,0.14700,217.73470,6.00000
75.00000,223.85600,260.02200,15.89100,0.08300,216.98790,6.00000
76.00000,116.22400,260.16000,17.21900,0.11900,217.08710,6.00000
77.00000,131.60400,260.35100,13.12700,0.10700,220.52330,6.00000
80.00000,257.20800,276.05100,16.53600,0.10600,218.48920,6.00000
84.00000,297.00300,309.12000,14.68600,0.08000,215.73910,6.00000
85.00000,216.04900,309.95000,16.77700,0.10100,217.66940,6.00000
86.00000,161.94800,310.76300,16.83100,0.08800,216.91100,6.00000
87.00000,346.50100,322.74700,16.20100,0.10700,217.62420,6.00000
88.00000,309.51000,327.14200,16.16700,0.10900,216.13760,6.00000
91.00000,442.33900,333.09700,13.65000,0.09400,217.63980,6.00000
92.00000,444.60300,358.75900,18.77700,0.26900,217.49320,6.00000
95.00000,150.34400,390.51400,16.70100,0.09600,215.90470,6.00000
96.00000,5.66700,394.49300,13.90300,0.10400,215.77130,6.00000
97.00000,116.20700,400.88000,17.07200,0.11000,218.00790,6.00000
98.00000,191.58100,405.20400,17.52000,0.13400,217.32830,6.00000
102.00000,254.86100,429.70400,16.56800,0.09700,225.55100,6.00000
104.00000,239.05300,433.73700,17.61700,0.14200,220.68440,6.00000
106.00000,3.84800,455.86300,16.85700,0.09000,216.14790,6.00000
110.00000,454.51500,471.20900,14.04600,0.10100,220.09870,6.00000
114.00000,89.24200,476.39300,15.85000,0.10300,220.49700,6.00000
116.00000,84.63100,481.10900,15.63900,0.10500,220.22880,6.00000
115.00000,76.62800,478.79100,15.11500,0.10200,219.07620,6.00000
4.00000,221.11800,13.79300,17.23700,0.15200,216.77640,7.00000
7.00000,468.90600,21.85500,17.49700,0.15600,219.47520,7.00000
8.00000,505.39000,27.62300,15.39100,0.15000,219.23840,7.00000
13.00000,462.57800,49.85200,15.83700,0.13000,217.92770,7.00000
30.00000,264.94500,115.78700,18.48400,0.23700,217.03120,7.00000
36.00000,378.11700,129.70000,18.18700,0.17300,216.68460,7.00000
39.00000,157.34100,141.06400,17.84000,0.18000,216.69390,7.00000
40.00000,304.40400,148.08400,10.79300,0.07600,229.14660,7.00000
45.00000,427.98700,163.91200,18.68500,0.29800,219.28320,7.00000
52.00000,180.37600,172.01700,17.08900,0.12000,218.35400,7.00000
51.00000,376.29000,172.10800,16.11200,0.10300,217.80950,7.00000
54.00000,258.88100,190.30200,17.01700,0.07200,217.48110,7.00000
63.00000,489.26700,219.13800,18.11600,0.26100,219.30180,7.00000
66.00000,433.98800,225.28300,15.25800,0.08600,217.73380,7.00000
68.00000,144.42100,235.47500,17.69900,0.15800,216.52030,7.00000
69.00000,494.08100,237.81200,14.91700,0.11500,219.39940,7.00000
78.00000,379.24900,266.48300,15.59300,0.11900,218.17370,7.00000
79.00000,373.18600,267.98200,15.63600,0.09800,217.94930,7.00000
83.00000,151.50000,301.18200,16.34000,0.10400,216.38830,7.00000
90.00000,409.16900,328.49000,13.25000,0.09800,219.31900,7.00000
103.00000,400.68200,432.41100,17.70700,0.16100,218.13190,7.00000
105.00000,361.16800,441.44700,16.40100,0.10900,219.04790,7.00000
109.00000,421.10200,468.75300,17.01000,0.11000,219.73980,7.00000
117.00000,425.75800,488.42300,17.82900,0.13400,220.31860,7.00000
118.00000,289.67400,499.54900,17.67200,0.15900,219.90220,7.00000
119.00000,429.40800,503.21500,17.02700,0.12900,220.70080,7.00000
120.00000,52.09900,511.29600,16.90000,0.12700,217.31160,7.00000
35.00000,284.36400,129.02000,16.41700,0.11400,218.82390,8.00000
47.00000,234.23800,167.92800,17.39800,0.12300,221.39520,8.00000
81.00000,282.07200,280.47200,13.10900,0.09000,220.69790,8.00000
101.00000,489.94900,407.75100,18.12700,0.14800,220.37770,8.00000
89.00000,216.40000,327.22500,16.23300,0.11100,217.05740,9.00000
113.00000,85.32300,476.96000,17.44300,0.19500,221.08570,9.00000
