128.00000,290.32000,386.36100,17.30400,0.12000,337.61270,4.00000
136.00000,195.25900,399.61900,17.38000,0.12200,332.60460,4.00000
135.00000,279.02700,400.09500,9.76000,0.07100,379.63150,4.00000
149.00000,440.93800,436.18300,19.01300,0.51100,320.83890,4.00000
17.00000,499.53400,44.98300,13.82500,0.14200,328.35210,5.00000
20.00000,76.65200,54.13600,17.75300,0.13200,321.44650,5.00000
26.00000,382.25900,68.89000,15.89100,0.11400,324.23130,5.00000
30.00000,294.96900,85.60800,17.84800,0.10300,324.67030,5.00000
38.00000,69.61300,118.88100,14.82400,0.13000,324.66920,5.00000
44.00000,40.48500,146.01300,15.55300,0.12100,330.08290,5.00000
49.00000,225.04000,158.10600,11.00900,0.09900,337.22720,5.00000
54.00000,184.12200,166.55700,17.06600,0.13200,323.66030,5.00000
74.00000,287.77000,229.82600,18.96800,0.44200,325.25140,5.00000
72.00000,147.86900,229.85600,17.61500,0.13200,324.05620,5.00000
121.00000,369.44300,372.03400,19.24500,0.53300,324.37130,5.00000
134.00000,205.75500,397.19600,19.10400,0.44600,332.32250,5.00000
145.00000,404.17000,427.36000,17.41700,0.11100,323.20970,5.00000
175.00000,343.68400,503.54300,18.98800,0.42400,330.97080,5.00000
2.00000,323.45100,4.60400,18.99400,0.53200,326.20790,6.00000
6.00000,472.76400,16.12200,17.59000,0.14800,326.28030,6.00000
7.00000,39.08700,18.39700,19.26300,0.53200,326.92300,6.00000
9.00000,509.16000,22.03700,15.33200,0.13500,324.63920,6.00000
10.00000,292.24100,26.06100,17.89600,0.17500,324.51390,6.00000
11.00000,111.64800,27.79400,18.11900,0.18500,323.55460,6.00000
16.00000,466.26400,44.18400,15.91100,0.13000,327.43960,6.00000
19.00000,97.98300,48.33300,19.28100,0.54000,322.23080,6.00000
22.00000,21.37800,57.61600,14.14300,0.15000,329.24760,6.00000
24.00000,129.29300,67.10600,18.37200,0.29500,323.68200,6.00000
25.00000,186.73100,67.64600,19.15600,0.50500,324.02080,6.00000
28.00000,276.18800,77.87100,15.56400,0.10800,322.56830,6.00000
33.00000,330.93000,108.78300,16.47300,0.12700,324.79430,6.00000
46.00000,10.99600,148.89000,14.98900,0.11800,333.95150,6.00000
52.00000,37.97700,165.88400,16.59500,0.14200,333.08490,6.00000
59.00000,404.30500,183.75400,17.13900,0.13000,326.08660,6.00000
63.00000,407.40700,190.93100,17.46800,0.12200,326.32910,6.00000
67.00000,61.11900,209.27000,17.05500,0.12700,331.92800,6.00000
71.00000,187.55300,227.83900,17.96000,0.17900,323.19490,6.00000
76.00000,33.85500,233.78400,16.83200,0.12100,334.79460,6.00000
80.00000,323.55600,241.16400,19.06400,0.40700,324.12750,6.00000
79.00000,102.22600,241.33000,14.50200,0.09400,328.58990,6.00000
89.00000,135.29000,254.96500,13.25800,0.09800,329.02800,6.00000
95.00000,261.01600,270.51400,16.63900,0.10400,325.08540,6.00000
109.00000,313.23400,321.55200,16.28500,0.08700,323.58440,6.00000
120.00000,78.88300,367.20500,18.44100,0.27600,347.05240,6.00000
122.00000,48.14000,374.15400,16.37900,0.10300,350.21170,6.00000
123.00000,12.23800,382.20400,19.21200,0.52400,356.24150,6.00000
125.00000,154.06800,385.11400,16.78200,0.09400,334.95580,6.00000
138.00000,46.40300,401.78000,19.24100,0.46300,353.83190,6.00000
137.00000,395.52300,402.19800,16.56900,0.11800,323.59760,6.00000
146.00000,242.96000,428.32700,17.56400,0.12400,334.66440,6.00000
173.00000,433.36600,497.54000,17.07200,0.12100,328.61470,6.00000
178.00000,5.64300,508.49300,16.72500,0.12800,362.58840,6.00000
3.00000,225.01800,8.10000,17.53900,0.18200,321.59340,7.00000
5.00000,7.09200,15.79000,17.52700,0.16400,329.19210,7.00000
13.00000,189.12800,30.29500,15.12000,0.12600,323.35110,7.00000
15.00000,75.68600,40.16300,17.94100,0.19200,325.73160,7.00000
23.00000,334.34700,63.16900,15.66700,0.09700,324.56770,7.00000
29.00000,352.72500,85.60300,17.97700,0.19200,326.20050,7.00000
37.00000,372.00400,116.35600,16.80300,0.09700,325.12460,7.00000
40.00000,288.12100,123.56400,16.45800,0.09000,324.03440,7.00000
42.00000,160.88400,135.63400,17.95900,0.23900,323.54000,7.00000
43.00000,308.22200,142.51600,10.85500,0.08100,335.66330,7.00000
47.00000,503.87700,148.96600,17.50100,0.14600,324.72360,7.00000
48.00000,181.06000,150.54700,18.94500,0.43900,323.59420,7.00000
51.00000,237.87000,162.43200,17.23500,0.08800,330.60770,7.00000
55.00000,380.07400,166.52700,16.05700,0.09000,323.33800,7.00000
60.00000,262.77900,184.85100,17.14900,0.13900,326.01640,7.00000
62.00000,149.88300,189.46000,18.15600,0.16800,322.51390,7.00000
65.00000,64.36700,198.31000,17.05900,0.09800,328.14000,7.00000
66.00000,32.26100,200.53500,13.91600,0.12000,337.20030,7.00000
68.00000,54.88000,212.78300,17.09800,0.14300,332.25120,7.00000
82.00000,456.47400,240.89700,17.87800,0.16000,319.98020,7.00000
88.00000,119.80300,254.71400,17.22800,0.12200,328.09090,7.00000
94.00000,254.48200,267.19700,17.53200,0.15600,326.09630,7.00000
103.00000,219.93700,304.47400,16.99900,0.14300,323.45380,7.00000
102.00000,165.66000,305.16000,16.97100,0.10500,325.63510,7.00000
106.00000,350.14400,317.24700,16.16600,0.09400,324.52310,7.00000
107.00000,357.82600,320.08500,18.74900,0.31400,324.07960,7.00000
108.00000,220.08900,321.51600,16.17200,0.10900,323.03520,7.00000
112.00000,486.37700,323.95000,18.95500,0.33600,321.42820,7.00000
124.00000,131.48400,382.14500,18.35500,0.27300,338.02080,7.00000
130.00000,9.35800,389.19300,14.04400,0.12200,357.08810,7.00000
142.00000,340.34100,408.43600,18.42000,0.20100,324.68950,7.00000
143.00000,53.14900,419.72600,18.88200,0.35100,355.23910,7.00000
144.00000,258.71100,424.33200,16.63300,0.12900,335.38650,7.00000
150.00000,365.09100,436.03100,16.44400,0.10100,324.50400,7.00000
152.00000,298.40900,444.76000,18.89400,0.41700,331.29750,7.00000
153.00000,306.11600,445.38200,18.21500,0.24700,330.80670,7.00000
156.00000,7.69800,450.54200,17.07800,0.11500,356.50900,7.00000
158.00000,328.12500,454.10900,17.77000,0.17800,330.32170,7.00000
163.00000,424.78400,463.17500,17.16100,0.11600,325.85370,7.00000
165.00000,458.20300,465.52400,14.02600,0.10100,322.13290,7.00000
169.00000,88.36100,475.62400,15.86700,0.10800,357.95820,7.00000
176.00000,55.87200,505.81400,17.07400,0.15100,361.79900,7.00000
4.00000,38.49100,13.10400,18.99600,0.48400,327.10050,8.00000
31.00000,379.88400,89.53700,16.93200,0.12400,325.10130,8.00000
53.00000,396.76000,165.43000,17.73200,0.15100,324.97910,8.00000
57.00000,230.55900,166.66300,18.94700,0.36900,331.60530,8.00000
64.00000,362.01900,196.41200,16.57900,0.08900,325.10250,8.00000
69.00000,399.91600,216.51700,17.99100,0.18500,324.39900,8.00000
75.00000,497.90500,232.28600,14.89500,0.09300,323.45210,8.00000
92.00000,376.95800,262.40600,15.70900,0.09100,324.83990,8.00000
96.00000,285.95800,275.16500,13.64500,0.09700,324.76640,8.00000
110.00000,265.82700,322.33900,18.09200,0.21500,321.18450,8.00000
111.00000,413.10300,323.19900,13.39500,0.11000,326.74130,8.00000
113.00000,446.12500,327.45600,13.63600,0.09700,322.71900,8.00000
114.00000,253.98300,353.60500,18.17800,0.18600,325.94520,8.00000
116.00000,276.92700,357.17200,15.88900,0.10900,325.47970,8.00000
147.00000,339.36600,433.43500,15.96400,0.10100,328.10800,8.00000
177.00000,135.41700,508.01700,17.93000,0.14000,351.25060,8.00000
179.00000,354.85200,511.97900,17.48800,0.17200,332.55910,8.00000
85.00000,322.22900,247.41600,17.95200,0.18100,323.72050,9.00000
91.00000,383.09600,261.13800,15.67500,0.10100,325.45350,9.00000
97.00000,181.01200,277.71500,17.12100,0.11800,321.84740,9.00000
98.00000,124.74300,289.98600,19.21700,0.53800,330.28850,9.00000
133.00000,119.91100,395.47000,16.95300,0.10900,343.98380,9.00000
166.00000,92.91400,471.24000,15.97500,0.12300,358.19990,9.00000
168.00000,80.28200,473.42800,15.23900,0.10500,356.57510,9.00000
141.00000,50.72600,403.73700,18.89800,0.43300,353.85170,11.00000
167.00000,89.08300,471.53900,17.59200,0.25000,357.00850,14.00000
