2.00000,66.46600,3.72400,14.77200,0.10600,244.07900,4.00000
9.00000,106.85900,31.18900,18.18400,0.22800,242.30950,4.00000
18.00000,16.51800,61.30100,13.98900,0.10400,241.56100,4.00000
29.00000,143.35800,113.49700,16.49500,0.07900,246.26160,4.00000
37.00000,323.48300,138.81500,17.19400,0.10000,248.44050,4.00000
52.00000,27.43400,204.33900,13.75400,0.08500,244.84690,4.00000
54.00000,56.40000,213.06500,16.94600,0.08400,243.86990,4.00000
55.00000,50.17400,216.65100,16.96700,0.09500,242.30750,4.00000
61.00000,29.11600,237.69000,16.91800,0.07800,242.37990,4.00000
98.00000,4.57200,392.84100,13.91900,0.07700,244.82690,4.00000
99.00000,115.14900,399.34000,16.99200,0.08100,246.30050,4.00000
108.00000,238.11000,431.82200,17.59400,0.11000,251.26730,4.00000
113.00000,2.87200,454.27500,16.90300,0.08700,239.34300,4.00000
118.00000,88.10700,474.74800,15.80700,0.06000,249.35180,4.00000
121.00000,83.58700,479.31400,15.67400,0.09100,250.16020,4.00000
119.00000,75.46000,477.14300,15.07900,0.08500,248.24380,4.00000
123.00000,288.49900,498.11600,17.62300,0.13500,249.56300,4.00000
1.00000,243.33300,1.99400,17.66300,0.16300,244.71640,5.00000
3.00000,411.98200,4.38900,18.18900,0.18800,244.58330,5.00000
4.00000,220.02600,12.03400,17.19200,0.08000,244.14150,5.00000
5.00000,351.63400,18.28300,15.52200,0.08100,244.52420,5.00000
6.00000,2.40800,19.25800,17.21400,0.12200,241.81180,5.00000
7.00000,467.65000,19.88300,17.52200,0.14200,245.75750,5.00000
8.00000,504.22800,25.86400,15.30100,0.09600,247.25030,5.00000
10.00000,184.30500,34.09600,14.96200,0.09000,245.23460,5.00000
11.00000,318.90500,36.68500,17.47900,0.09100,243.64290,5.00000
12.00000,70.67400,43.31100,17.90200,0.14500,243.31930,5.00000
14.00000,494.62700,48.76300,13.76700,0.09600,247.69580,5.00000
16.00000,131.56900,50.78600,18.74500,0.30500,243.61950,5.00000
17.00000,71.79000,57.86200,17.70900,0.09900,242.08990,5.00000
19.00000,329.46800,66.97000,15.56000,0.07900,245.70500,5.00000
21.00000,377.40100,72.77900,15.86200,0.10800,244.93760,5.00000
22.00000,271.28700,81.68300,15.39100,0.07700,243.91750,5.00000
24.00000,290.24100,88.99800,17.64000,0.12800,244.06720,5.00000
25.00000,348.24700,89.80900,17.83900,0.14300,243.97420,5.00000
26.00000,374.96000,93.22200,16.75100,0.08800,244.58070,5.00000
27.00000,80.33200,104.61200,16.72300,0.09100,242.73860,5.00000
31.00000,445.59000,121.43600,19.01300,0.36900,246.22300,5.00000
32.00000,64.80300,122.75300,14.76100,0.07800,245.04070,5.00000
34.00000,283.30800,127.16800,16.34900,0.07700,247.57710,5.00000
35.00000,222.85200,128.49600,17.78400,0.15400,247.18880,5.00000
38.00000,303.36700,146.31900,10.78800,0.07400,258.14430,5.00000
39.00000,35.72600,149.87200,15.54400,0.08900,242.45470,5.00000
40.00000,6.16000,152.68800,14.90500,0.07200,243.90010,5.00000
42.00000,499.09700,152.76400,17.41500,0.11000,245.37190,5.00000
43.00000,220.19200,161.93400,10.96400,0.07500,258.01290,5.00000
44.00000,233.13000,166.25600,17.25800,0.07700,254.72370,5.00000
46.00000,33.16300,169.60900,16.50000,0.07000,242.38480,5.00000
48.00000,399.25200,187.47700,17.01000,0.08200,247.83310,5.00000
50.00000,402.63600,194.61300,17.56200,0.12500,248.90450,5.00000
51.00000,59.65800,202.23400,17.11300,0.09300,244.70260,5.00000
53.00000,499.62900,211.11400,17.89900,0.15000,247.63230,5.00000
57.00000,182.66200,231.70200,18.01000,0.19900,246.13830,5.00000
58.00000,143.00100,234.13300,17.50000,0.08400,247.20560,5.00000
60.00000,492.98800,236.09300,14.85800,0.08600,246.62910,5.00000
62.00000,97.34700,245.05900,14.43700,0.07000,247.39640,5.00000
63.00000,507.17000,249.52000,18.28000,0.18400,247.81040,5.00000
64.00000,316.98700,250.83500,17.90900,0.15200,247.43900,5.00000
65.00000,115.10500,258.36600,17.29600,0.11500,247.47310,5.00000
66.00000,130.48600,258.72900,13.13400,0.08200,249.58890,5.00000
70.00000,372.08100,266.16700,15.57700,0.09800,248.28340,5.00000
71.00000,249.88300,270.83400,17.42900,0.12800,247.46880,5.00000
78.00000,160.85300,309.14200,16.84800,0.10700,247.22960,5.00000
85.00000,441.26200,331.27700,13.63600,0.10400,252.14650,5.00000
88.00000,249.07600,357.32500,18.02400,0.20400,251.13420,5.00000
101.00000,273.61500,402.70300,11.22800,0.33000,303.20840,5.00000
102.00000,190.68600,403.43000,17.40200,0.09400,247.44800,5.00000
110.00000,334.56400,437.14000,16.00000,0.09800,250.73760,5.00000
114.00000,323.24100,457.93500,17.60100,0.12000,250.13310,5.00000
115.00000,420.09900,466.88400,16.98800,0.09700,251.93130,5.00000
120.00000,241.75700,479.01300,19.23500,0.53600,250.44290,5.00000
126.00000,50.93900,509.33900,16.92100,0.07200,245.50120,5.00000
13.00000,461.40200,48.02300,15.80100,0.09200,246.48250,6.00000
15.00000,182.99400,49.53200,17.50300,0.12000,241.85600,6.00000
28.00000,325.98800,112.60100,16.22200,0.08300,245.75040,6.00000
30.00000,367.16800,120.04300,16.87100,0.09800,246.23370,6.00000
33.00000,254.16800,124.19000,17.85100,0.14200,246.93240,6.00000
49.00000,257.83800,188.43100,17.10200,0.11000,247.57420,6.00000
56.00000,432.93300,223.59900,15.36600,0.08800,248.91030,6.00000
67.00000,222.81100,258.29300,15.94400,0.09400,245.71120,6.00000
69.00000,378.21800,264.99800,15.64600,0.08300,248.96420,6.00000
72.00000,256.12800,274.27100,16.56000,0.11300,248.65990,6.00000
76.00000,150.27300,299.39700,16.48400,0.09200,250.09430,6.00000
77.00000,295.90800,307.31100,14.71100,0.08700,248.13170,6.00000
79.00000,214.95500,308.20000,16.81700,0.06900,247.90790,6.00000
81.00000,345.26100,321.03700,16.15500,0.09300,249.48650,6.00000
82.00000,215.30900,325.26900,16.18200,0.10900,249.94120,6.00000
83.00000,308.44800,325.33900,16.28300,0.10800,248.62150,6.00000
84.00000,408.19700,326.99600,13.31300,0.09000,251.32850,6.00000
89.00000,15.87500,360.23600,19.25800,0.53900,240.95490,6.00000
91.00000,194.80500,363.30100,14.95100,0.08800,248.41930,6.00000
92.00000,73.63300,370.80000,18.18500,0.20900,245.04480,6.00000
93.00000,95.87800,373.18700,18.55000,0.24400,244.33970,6.00000
94.00000,43.36600,377.92100,16.36000,0.07400,242.79850,6.00000
95.00000,149.27600,389.04400,16.71600,0.09000,247.76910,6.00000
97.00000,285.42100,390.18600,17.34600,0.11000,265.87380,6.00000
106.00000,253.86900,428.15500,16.67800,0.11400,256.79830,6.00000
107.00000,399.42200,430.87800,17.48000,0.12700,250.69130,6.00000
116.00000,453.40900,469.34200,13.98500,0.09400,252.38660,6.00000
122.00000,424.50000,486.33900,17.94000,0.16200,250.59810,6.00000
124.00000,428.43200,501.37200,16.95500,0.10200,248.61880,6.00000
45.00000,371.02100,167.23700,17.10400,0.12800,245.92100,7.00000
47.00000,375.11900,170.30400,16.09700,0.08900,246.90410,7.00000
68.00000,429.55200,260.72700,18.99400,0.42900,247.91370,7.00000
73.00000,281.03400,278.98400,13.29200,0.07400,250.15020,7.00000
74.00000,175.98600,281.71900,17.16700,0.09500,247.79610,7.00000
90.00000,271.89400,360.93000,15.80300,0.09300,252.60710,7.00000
104.00000,390.85800,405.95800,16.60300,0.10600,250.85690,8.00000
112.00000,360.17500,439.90400,16.57100,0.09800,252.15260,9.00000
117.00000,84.23700,474.70300,17.92000,0.31800,249.98760,9.00000
103.00000,274.33200,404.64200,10.09300,0.10400,302.86200,10.00000
125.00000,320.99800,507.91100,19.19800,0.45700,249.00920,10.00000
100.00000,265.65600,402.13600,16.39900,0.10200,282.00950,24.00000
96.00000,274.75400,394.45100,16.54000,0.08100,273.63530,31.00000
