11.00000,318.66700,36.80100,17.44600,0.14200,242.78860,4.00000
18.00000,71.24300,58.14900,17.69100,0.14900,244.88110,4.00000
24.00000,271.03400,81.87400,15.32200,0.09500,244.49350,4.00000
27.00000,347.67500,89.67300,17.80200,0.14800,244.64750,4.00000
31.00000,80.10900,104.83200,16.79700,0.09900,244.38330,4.00000
32.00000,325.76500,112.78300,16.13700,0.08800,246.43250,4.00000
34.00000,366.92500,120.28100,16.89400,0.11200,246.63230,4.00000
35.00000,64.52700,122.93100,14.73600,0.11500,244.60270,4.00000
43.00000,35.35200,150.06900,15.47500,0.11200,243.35800,4.00000
53.00000,134.98300,176.96900,18.17600,0.24200,246.58520,4.00000
56.00000,257.71900,188.95000,16.90300,0.10700,246.16070,4.00000
58.00000,402.16900,194.93800,17.47300,0.12300,247.78570,4.00000
60.00000,59.13100,202.37800,17.08600,0.12400,242.62150,4.00000
64.00000,50.00500,217.02800,16.95400,0.09100,242.99990,4.00000
67.00000,142.92200,234.25500,17.41900,0.10500,245.71830,4.00000
76.00000,130.18000,258.95100,13.03200,0.09800,250.96650,4.00000
92.00000,407.90100,327.13600,13.15200,0.08700,251.18660,4.00000
103.00000,4.25200,393.06400,13.86600,0.09900,245.64250,4.00000
107.00000,273.75200,404.03500,9.78800,0.07700,297.38840,4.00000
2.00000,66.18900,3.84600,14.74700,0.13000,245.42050,5.00000
6.00000,2.03800,19.53600,17.32500,0.15600,243.69230,5.00000
7.00000,467.38200,20.04400,17.54600,0.15600,245.49630,5.00000
8.00000,503.98400,25.90600,15.27700,0.12800,247.25700,5.00000
9.00000,287.23400,29.93800,17.67200,0.11600,242.61350,5.00000
12.00000,69.99800,44.17600,18.18900,0.18100,243.02290,5.00000
14.00000,461.14100,48.16300,15.72900,0.11500,245.22070,5.00000
15.00000,494.32500,48.86500,13.71200,0.14000,249.76480,5.00000
16.00000,183.17000,49.81400,17.65800,0.12900,246.16880,5.00000
22.00000,329.19000,67.14900,15.51600,0.12000,245.33870,5.00000
23.00000,377.12600,72.90400,15.73900,0.10800,245.09270,5.00000
26.00000,290.12400,89.25600,17.44300,0.10000,245.48270,5.00000
33.00000,143.18400,113.80300,16.41800,0.10800,245.00290,5.00000
36.00000,253.79000,124.14600,17.59800,0.12400,244.14190,5.00000
39.00000,222.63400,129.22100,17.51300,0.13000,245.96460,5.00000
40.00000,323.34900,138.76400,17.14500,0.14800,251.28330,5.00000
41.00000,155.84200,139.74200,17.72600,0.13700,246.40340,5.00000
45.00000,498.94600,152.87500,17.22100,0.12400,246.40640,5.00000
44.00000,5.95900,152.91500,14.87100,0.11100,242.86850,5.00000
46.00000,219.93700,162.20800,10.88100,0.11200,258.56060,5.00000
50.00000,32.99800,169.81400,16.44300,0.09900,243.42220,5.00000
66.00000,432.75700,223.83600,15.18000,0.10400,245.21000,5.00000
69.00000,28.88100,237.97200,16.81200,0.09700,241.03060,5.00000
75.00000,114.89300,258.89100,17.19000,0.09500,248.83460,5.00000
78.00000,377.93300,265.12600,15.44100,0.09600,250.60680,5.00000
82.00000,280.81400,279.12200,13.13900,0.09300,248.15960,5.00000
83.00000,175.90400,281.82200,16.95400,0.09600,249.17360,5.00000
87.00000,160.46000,309.29900,16.75500,0.09200,248.86660,5.00000
88.00000,345.13900,321.38500,16.03500,0.08500,250.87860,5.00000
90.00000,308.19800,325.71100,16.08200,0.09200,247.84880,5.00000
91.00000,260.06900,326.52700,18.32700,0.22000,248.23970,5.00000
94.00000,249.11300,357.86700,17.97500,0.18200,252.42800,5.00000
95.00000,271.75100,361.14800,15.57800,0.08200,252.83550,5.00000
97.00000,73.43300,371.40300,17.86100,0.17700,244.38920,5.00000
100.00000,406.78300,378.74500,18.01100,0.17600,251.39200,5.00000
102.00000,149.04400,389.32600,16.51000,0.09200,247.66720,5.00000
104.00000,114.95800,399.73800,16.96500,0.07500,245.11970,5.00000
108.00000,253.67900,428.41800,16.37000,0.06700,255.90100,5.00000
109.00000,237.80700,432.28600,17.58700,0.12700,251.23660,5.00000
111.00000,334.24300,437.43000,15.85800,0.09300,252.04970,5.00000
112.00000,359.93100,440.09600,16.35700,0.07700,252.31640,5.00000
123.00000,424.37500,486.81700,17.52000,0.10700,249.46260,5.00000
124.00000,288.15100,498.05100,17.49500,0.11400,250.05710,5.00000
1.00000,242.93700,1.98800,17.65900,0.14600,243.14670,6.00000
3.00000,411.98000,4.70800,17.91300,0.18400,245.72890,6.00000
4.00000,219.85400,12.38400,17.17800,0.12700,240.94990,6.00000
5.00000,351.36200,18.41700,15.47500,0.11800,244.08460,6.00000
10.00000,184.05100,34.28600,14.90400,0.11200,243.89420,6.00000
20.00000,16.16300,61.48600,13.96700,0.12400,242.94440,6.00000
28.00000,374.82000,93.47300,16.74200,0.09600,245.34480,6.00000
30.00000,192.21000,101.83100,18.37000,0.18300,243.61260,6.00000
38.00000,452.14800,128.02200,19.30100,0.53400,246.33800,6.00000
47.00000,232.89500,166.51000,17.17100,0.12900,254.20200,6.00000
48.00000,370.81700,167.60300,16.76600,0.09100,247.57560,6.00000
49.00000,391.72900,169.26500,17.52000,0.11800,247.22440,6.00000
51.00000,374.98700,170.56300,16.00700,0.08600,246.87580,6.00000
52.00000,179.02300,170.67800,16.95600,0.08400,246.62950,6.00000
55.00000,399.10900,187.76400,17.01500,0.09000,247.86090,6.00000
57.00000,145.18500,193.45300,17.95300,0.12800,246.79090,6.00000
59.00000,356.80900,200.45500,16.42300,0.09100,245.86170,6.00000
61.00000,27.13800,204.59000,13.67200,0.09200,242.28740,6.00000
62.00000,499.59200,211.65800,17.87800,0.17100,247.72660,6.00000
68.00000,492.78400,236.30700,14.72800,0.10200,245.91780,6.00000
71.00000,97.07700,245.28200,14.34900,0.08900,248.34780,6.00000
79.00000,371.83500,266.54600,15.51900,0.07400,251.66460,6.00000
80.00000,249.46100,271.26400,17.59300,0.11900,248.36090,6.00000
84.00000,150.12000,299.81300,16.26700,0.08300,248.59360,6.00000
85.00000,295.74200,307.65200,14.60100,0.08400,248.51240,6.00000
86.00000,214.68400,308.65000,16.66000,0.09800,251.61830,6.00000
93.00000,440.96500,331.55700,13.47800,0.07500,251.54350,6.00000
96.00000,194.57400,363.63900,14.82100,0.09100,250.00600,6.00000
98.00000,43.12700,378.15200,16.25900,0.07300,241.51860,6.00000
106.00000,390.33300,406.00100,16.39700,0.10300,250.91670,6.00000
110.00000,399.47400,431.36800,17.39900,0.11300,251.54080,6.00000
115.00000,323.38100,458.59600,17.66100,0.10300,251.70040,6.00000
116.00000,419.78500,467.33400,16.89300,0.07100,251.95100,6.00000
117.00000,453.09200,469.61700,13.89200,0.08200,254.99090,6.00000
121.00000,83.25800,479.65000,15.59800,0.09200,248.52480,6.00000
125.00000,428.27600,501.60800,16.88200,0.12200,249.75950,6.00000
127.00000,50.87700,509.81900,16.78700,0.10600,243.02400,6.00000
29.00000,380.57400,97.42300,17.66900,0.14100,243.69060,7.00000
37.00000,283.10000,127.45500,16.30000,0.09300,247.65150,7.00000
42.00000,303.07800,146.55400,10.69600,0.08000,257.62600,7.00000
63.00000,56.02500,213.50900,17.06800,0.10500,244.47490,7.00000
65.00000,394.64500,220.60300,17.59400,0.12100,247.68480,7.00000
72.00000,468.02400,244.55500,19.26200,0.54100,248.71170,7.00000
74.00000,222.60200,258.60500,15.86200,0.08800,248.00850,7.00000
81.00000,255.99900,274.51700,16.44600,0.07700,247.24380,7.00000
89.00000,215.04000,325.72300,16.00800,0.07600,252.01660,7.00000
113.00000,301.14300,449.40800,17.95700,0.15600,250.82780,7.00000
114.00000,2.48700,454.41900,16.76100,0.08100,242.84870,7.00000
120.00000,75.18300,477.34000,14.98600,0.08700,245.78790,7.00000
126.00000,451.03200,506.34900,18.87000,0.34600,251.30640,7.00000
73.00000,96.95900,250.86900,17.14700,0.10400,249.67760,8.00000
119.00000,87.85800,475.05600,15.72700,0.08900,248.26180,8.00000
118.00000,84.00500,475.35500,17.45300,0.18500,248.36940,14.00000
