2.00000,240.26700,3.30200,17.66100,0.13200,290.56040,4.00000
8.00000,464.89300,21.39200,17.64700,0.18600,296.14430,4.00000
19.00000,13.43900,62.67700,13.97900,0.12700,293.08460,4.00000
26.00000,287.19600,90.28800,17.73800,0.11600,297.58870,4.00000
62.00000,229.90100,167.78400,17.23000,0.10200,304.37670,4.00000
70.00000,254.55500,189.89900,17.03900,0.10300,299.45180,4.00000
77.00000,24.41900,205.77300,13.73200,0.10400,292.46630,4.00000
147.00000,250.87000,429.72200,16.43500,0.07600,309.20940,4.00000
157.00000,72.13300,461.24400,18.80200,0.32200,298.83220,4.00000
10.00000,501.26100,27.14100,15.29200,0.12300,294.38430,5.00000
11.00000,181.26900,35.48500,14.93800,0.10700,296.43120,5.00000
12.00000,315.72400,38.23600,17.75200,0.12800,294.17460,5.00000
14.00000,458.44700,49.34900,15.81400,0.12700,295.01370,5.00000
15.00000,491.65300,50.07600,13.72800,0.12100,295.76520,5.00000
17.00000,68.43100,59.19000,17.92200,0.15000,296.10830,5.00000
21.00000,326.52300,68.35900,15.52400,0.08200,295.84840,5.00000
22.00000,374.37000,74.11700,15.76400,0.09900,298.69380,5.00000
25.00000,499.71300,84.14300,18.84000,0.35800,293.52360,5.00000
39.00000,288.92100,113.81100,19.08400,0.50800,299.44420,5.00000
40.00000,322.99400,113.95000,16.20300,0.08800,301.22780,5.00000
41.00000,140.45400,114.93200,16.50800,0.10600,297.19640,5.00000
42.00000,364.25900,121.71200,16.90200,0.09400,299.98440,5.00000
44.00000,250.93400,125.79900,17.70500,0.13600,298.62270,5.00000
51.00000,153.14200,141.04600,17.78100,0.14700,298.19420,5.00000
53.00000,300.35200,147.75200,10.76500,0.08300,317.36790,5.00000
64.00000,176.30200,171.81300,17.04500,0.09200,298.25000,5.00000
66.00000,119.94200,173.65700,19.02100,0.43900,299.01290,5.00000
73.00000,399.59900,195.92500,17.52500,0.15100,307.00830,5.00000
75.00000,354.10300,201.76500,16.49500,0.08100,303.52010,5.00000
78.00000,396.60000,209.38700,19.04200,0.45500,305.22560,5.00000
89.00000,180.06400,233.05000,17.96000,0.20400,299.27450,5.00000
99.00000,219.84400,259.87000,15.90800,0.09000,302.14690,5.00000
100.00000,127.45500,260.16100,13.07500,0.08800,305.01270,5.00000
102.00000,375.24200,266.36900,15.49200,0.06400,305.25640,5.00000
106.00000,92.20500,272.79100,19.20000,0.39600,298.21940,5.00000
108.00000,278.02500,280.36000,13.38900,0.06200,302.59770,5.00000
116.00000,292.98200,308.92200,14.67400,0.07100,303.89240,5.00000
129.00000,269.00200,362.41900,15.66500,0.05800,308.93160,5.00000
131.00000,191.80200,364.89800,14.90400,0.07900,303.83150,5.00000
132.00000,404.03900,380.04600,17.97900,0.16000,307.08110,5.00000
135.00000,146.30200,390.59800,16.58600,0.09000,300.38240,5.00000
136.00000,282.36100,391.87800,17.19900,0.10900,323.98360,5.00000
138.00000,112.21700,400.95900,16.94400,0.09400,299.08250,5.00000
142.00000,387.67900,407.29500,16.35000,0.07400,306.89040,5.00000
150.00000,396.64100,432.63300,17.33700,0.10300,306.50720,5.00000
151.00000,234.96900,433.44400,17.59900,0.12200,304.75170,5.00000
152.00000,331.62900,438.78300,15.86800,0.08100,303.53280,5.00000
153.00000,357.39400,441.38500,16.32900,0.08800,307.57350,5.00000
158.00000,417.28200,468.57900,16.94400,0.07800,305.93240,5.00000
160.00000,85.08400,476.34400,15.72500,0.06400,301.07430,5.00000
165.00000,421.84800,488.26700,17.78600,0.15100,304.18900,5.00000
3.00000,63.41900,4.99400,14.76100,0.12700,294.18970,6.00000
5.00000,217.01000,13.25000,17.28100,0.13100,293.38410,6.00000
7.00000,348.62000,19.69900,15.51500,0.10600,294.05410,6.00000
16.00000,180.18100,51.00200,17.56300,0.12300,295.08670,6.00000
24.00000,268.25000,83.05300,15.37900,0.09500,296.63620,6.00000
28.00000,344.97200,90.74500,17.84500,0.18700,301.04960,6.00000
29.00000,371.94900,94.79600,16.73300,0.09800,301.23220,6.00000
31.00000,378.28800,99.07400,17.96600,0.16600,300.79200,6.00000
32.00000,77.23900,105.91500,16.76800,0.07900,296.18380,6.00000
37.00000,108.90400,111.03900,19.16200,0.49400,296.76470,6.00000
43.00000,61.75500,124.06400,14.75700,0.10100,293.19410,6.00000
47.00000,385.05200,127.24000,19.30400,0.53400,300.39280,6.00000
46.00000,280.32100,128.68400,16.41600,0.09800,300.60180,6.00000
48.00000,219.57000,129.80900,17.61700,0.13000,296.20610,6.00000
50.00000,320.60200,140.14000,17.12200,0.14200,306.39170,6.00000
55.00000,32.62300,151.15700,15.53200,0.10600,293.76650,6.00000
59.00000,495.97100,154.03700,17.40800,0.14300,300.04010,6.00000
58.00000,3.13900,154.03700,14.89800,0.10400,290.35670,6.00000
60.00000,217.14700,163.31700,10.88300,0.07800,311.64340,6.00000
63.00000,30.11800,170.99400,16.51700,0.10200,294.80300,6.00000
65.00000,372.16100,171.85100,16.05400,0.08400,304.59040,6.00000
71.00000,396.46000,189.03900,17.00200,0.07700,307.46060,6.00000
76.00000,56.47800,203.65700,17.16600,0.09900,290.20590,6.00000
79.00000,53.30800,214.65600,16.99100,0.08700,291.66860,6.00000
81.00000,47.12900,218.03700,16.99400,0.10900,291.67030,6.00000
82.00000,485.35900,218.51500,18.10100,0.17000,301.95190,6.00000
84.00000,430.03800,225.07800,15.24000,0.07500,305.00820,6.00000
90.00000,321.69200,235.92900,19.12800,0.47800,302.55800,6.00000
91.00000,490.05500,237.59000,14.77100,0.06000,302.98900,6.00000
92.00000,26.00600,239.11500,16.86500,0.09500,290.92630,6.00000
93.00000,94.33400,246.47800,14.38400,0.07700,299.39480,6.00000
97.00000,94.28500,252.42200,17.07700,0.08600,300.83350,6.00000
98.00000,112.06400,259.90800,17.19100,0.13300,302.92650,6.00000
105.00000,246.71000,272.19900,17.40800,0.13700,302.79080,6.00000
118.00000,157.66800,310.60700,16.79800,0.09600,303.63500,6.00000
123.00000,405.20500,328.43900,13.21000,0.07000,309.26640,6.00000
125.00000,50.54300,338.37900,18.38300,0.19200,296.86440,6.00000
133.00000,40.30300,379.35700,16.29300,0.08000,297.16150,6.00000
161.00000,72.51500,478.65300,15.07600,0.07500,299.57700,6.00000
162.00000,80.53800,480.89800,15.63700,0.08700,302.23610,6.00000
169.00000,425.50100,503.05200,16.82500,0.10000,303.84310,6.00000
170.00000,47.99700,511.20100,16.92700,0.09100,301.35380,6.00000
9.00000,284.44100,21.73500,18.93500,0.43700,293.02220,7.00000
74.00000,69.46300,200.82700,19.17000,0.47100,296.11330,7.00000
80.00000,457.76000,212.77000,18.96100,0.44700,299.22270,7.00000
96.00000,314.67600,252.67800,18.02600,0.20300,303.30920,7.00000
103.00000,369.12100,267.78100,15.57400,0.07400,307.15540,7.00000
107.00000,253.20300,275.70700,16.59000,0.09600,302.77850,7.00000
113.00000,72.15400,290.48400,19.04900,0.41800,296.85970,7.00000
117.00000,212.16300,309.89800,16.73000,0.08600,306.17040,7.00000
122.00000,305.63700,327.05400,16.18500,0.09900,303.18480,7.00000
124.00000,438.35100,332.82200,13.63200,0.07900,306.50900,7.00000
154.00000,275.30700,443.33700,19.09600,0.54200,307.12910,7.00000
168.00000,285.40300,499.39500,17.70100,0.22100,303.57450,7.00000
1.00000,98.30600,1.09100,18.66100,0.41600,290.35120,8.00000
69.00000,17.52800,190.31800,19.20500,0.53500,292.11200,8.00000
110.00000,130.33300,281.21300,19.20300,0.53400,301.28260,8.00000
115.00000,161.54000,307.62300,19.29100,0.48700,304.39790,8.00000
139.00000,271.00000,404.22200,10.93300,0.24200,358.17030,8.00000
121.00000,342.65100,322.59600,16.19000,0.11100,304.21730,9.00000
167.00000,510.96100,494.58300,18.80000,0.37500,308.27440,9.00000
141.00000,271.14500,405.79600,10.35200,0.12600,361.06030,10.00000
120.00000,340.36100,319.95800,18.21100,0.30500,304.84930,11.00000
140.00000,272.61300,405.47600,12.06000,0.28600,355.78640,15.00000
