47.00000,65.91600,201.83000,17.25800,0.10700,234.30920,4.00000
100.00000,244.34900,431.50500,17.63200,0.12100,236.36720,4.00000
15.00000,77.81300,57.55800,17.82000,0.15400,231.87190,5.00000
23.00000,387.25800,96.81800,17.85800,0.16900,231.16780,5.00000
29.00000,260.29500,123.53800,17.80500,0.16600,230.39800,5.00000
59.00000,103.62300,244.74300,14.51600,0.06500,233.61680,5.00000
77.00000,351.57000,320.75800,16.20600,0.06100,232.10590,5.00000
88.00000,155.42500,388.80700,16.74100,0.07300,232.46080,5.00000
115.00000,294.80800,497.42000,17.77900,0.10100,234.23480,5.00000
1.00000,72.74900,3.60000,14.88700,0.09900,232.96420,6.00000
3.00000,226.40800,11.79700,17.29900,0.12000,231.62380,6.00000
4.00000,357.94200,18.15700,15.64200,0.08200,230.71970,6.00000
5.00000,8.63400,19.15300,17.50200,0.13900,231.99020,6.00000
6.00000,474.19500,20.01200,17.70700,0.14700,231.53780,6.00000
7.00000,510.50800,25.69400,15.35400,0.08300,231.79040,6.00000
9.00000,325.11000,36.65100,17.76100,0.18200,230.12540,6.00000
11.00000,76.61900,43.97100,18.02600,0.18400,232.50220,6.00000
13.00000,500.89100,48.63900,13.84700,0.08400,231.87010,6.00000
14.00000,189.63000,49.40100,17.65900,0.13800,231.20850,6.00000
16.00000,22.74700,61.16200,14.09400,0.11200,234.89810,6.00000
21.00000,354.69900,89.17200,18.21800,0.21900,230.98580,6.00000
26.00000,149.73900,113.27100,16.73900,0.09300,231.72960,6.00000
27.00000,373.38900,120.03000,17.08700,0.09900,231.31890,6.00000
30.00000,289.51000,127.01600,16.45600,0.08700,232.75190,6.00000
33.00000,41.86400,149.67700,15.64300,0.08100,231.60760,6.00000
34.00000,12.40400,152.53100,14.94900,0.09500,234.08550,6.00000
37.00000,226.42000,161.62400,10.98700,0.06500,243.15760,6.00000
38.00000,239.43600,165.73800,17.33300,0.12100,236.69050,6.00000
40.00000,39.37200,169.42000,16.54600,0.10600,233.73200,6.00000
41.00000,381.49400,170.15900,16.19700,0.07400,231.36480,6.00000
43.00000,405.74700,187.32500,17.18900,0.07800,227.32690,6.00000
45.00000,408.92900,194.31800,17.68200,0.11800,229.38000,6.00000
46.00000,363.36900,199.98400,16.67600,0.07100,230.30360,6.00000
49.00000,506.04500,211.04400,18.17000,0.20300,230.37340,6.00000
52.00000,56.39000,216.43800,17.07600,0.09500,235.24850,6.00000
53.00000,401.14800,220.42000,17.91400,0.16200,228.50890,6.00000
56.00000,499.27800,235.92800,15.02600,0.07100,229.58600,6.00000
58.00000,35.33500,237.56300,16.97500,0.09600,235.07600,6.00000
60.00000,74.91300,252.64500,18.37400,0.21700,233.70120,6.00000
62.00000,121.16800,258.37700,17.30700,0.12000,233.62840,6.00000
65.00000,384.49200,264.58100,15.71900,0.07100,230.71520,6.00000
68.00000,256.10800,270.80800,17.53700,0.11400,230.39470,6.00000
69.00000,262.43100,274.00700,16.64300,0.08500,230.55760,6.00000
70.00000,287.28500,278.56600,13.44300,0.06200,233.51770,6.00000
71.00000,182.39400,281.16500,17.17500,0.06500,230.76820,6.00000
72.00000,156.71500,299.32800,16.48000,0.07400,231.55190,6.00000
73.00000,421.41500,300.72100,18.76300,0.39100,231.25900,6.00000
79.00000,314.68300,325.12200,16.29000,0.09000,229.84680,6.00000
80.00000,414.41800,326.44500,13.39400,0.06400,234.53780,6.00000
83.00000,255.25400,356.91300,18.06100,0.13800,233.04110,6.00000
84.00000,278.31600,360.43200,15.93000,0.06400,236.46320,6.00000
86.00000,79.91900,370.58000,17.97300,0.17600,235.86920,6.00000
87.00000,49.61100,377.56200,16.38400,0.08700,236.34700,6.00000
90.00000,10.75700,392.66200,14.00600,0.07900,236.39840,6.00000
92.00000,121.29300,399.17100,17.05400,0.09300,234.26200,6.00000
97.00000,280.58600,403.44300,9.81500,0.05100,286.81920,6.00000
98.00000,260.03100,427.98600,16.75200,0.09300,240.05360,6.00000
101.00000,340.81300,436.89500,16.11900,0.07700,231.02380,6.00000
102.00000,366.35700,439.35000,16.53800,0.08800,231.44170,6.00000
103.00000,8.94000,454.12800,16.93600,0.07100,237.83030,6.00000
106.00000,426.34300,466.69500,17.20500,0.09800,233.65260,6.00000
109.00000,94.38800,474.63300,15.93000,0.08000,240.68970,6.00000
108.00000,90.32800,474.81500,17.65500,0.21800,241.88520,6.00000
110.00000,81.71500,476.93800,15.15700,0.07200,243.42660,6.00000
117.00000,57.29000,509.54500,16.97800,0.10100,240.36520,6.00000
2.00000,418.36000,4.42000,18.27800,0.15600,230.10530,7.00000
8.00000,190.61400,33.93300,15.00800,0.08200,230.13350,7.00000
12.00000,467.68700,47.86800,15.88300,0.08300,231.31920,7.00000
17.00000,335.68800,66.79800,15.65400,0.08300,231.29270,7.00000
18.00000,383.71000,72.52300,15.92100,0.08100,230.39090,7.00000
20.00000,277.57900,81.42700,15.52500,0.06700,231.33440,7.00000
22.00000,381.31200,92.97900,16.89200,0.10900,231.05330,7.00000
24.00000,86.66800,104.26000,16.94300,0.12700,231.57110,7.00000
25.00000,332.31400,112.37200,16.39100,0.07300,228.50030,7.00000
28.00000,71.03200,122.52600,14.85200,0.08800,231.22370,7.00000
31.00000,329.84700,138.42800,17.31300,0.11600,234.65540,7.00000
32.00000,309.59000,146.07000,10.81200,0.06500,243.29680,7.00000
35.00000,505.37400,152.59600,17.56900,0.15700,229.36030,7.00000
42.00000,185.62600,170.03500,17.22400,0.11500,233.03340,7.00000
48.00000,33.64800,204.11200,13.85900,0.08700,236.34560,7.00000
51.00000,62.60600,212.76800,17.23800,0.09200,235.33490,7.00000
55.00000,439.24700,223.34900,15.44300,0.07400,230.33970,7.00000
64.00000,229.18500,258.10600,16.12700,0.06700,231.38330,7.00000
63.00000,136.69100,258.42700,13.19100,0.06900,237.25540,7.00000
66.00000,378.39600,265.99000,15.73600,0.06600,231.41100,7.00000
74.00000,302.21500,307.13800,14.89000,0.06600,230.79960,7.00000
76.00000,167.01700,308.82200,16.98500,0.10100,231.53490,7.00000
81.00000,447.54300,331.03100,13.73600,0.06600,231.67940,7.00000
89.00000,291.56200,389.93600,17.25500,0.09600,246.90600,7.00000
94.00000,196.64500,403.04700,17.50900,0.10600,233.79000,7.00000
96.00000,396.84600,405.30000,16.46800,0.08100,231.10440,7.00000
104.00000,329.57700,458.12800,17.59900,0.14300,233.13510,7.00000
116.00000,434.63800,501.04800,16.99500,0.08600,234.13780,7.00000
39.00000,377.28400,167.22000,17.18700,0.11900,231.50440,8.00000
44.00000,264.28000,187.94300,17.34100,0.11900,230.96200,8.00000
75.00000,221.18200,308.09100,16.93200,0.06600,232.06840,8.00000
78.00000,221.57900,325.04900,16.16800,0.07700,233.68630,8.00000
85.00000,201.09500,363.20300,15.13600,0.07300,234.17220,8.00000
111.00000,89.76300,479.20000,15.79400,0.07700,242.31100,8.00000
113.00000,431.10800,486.43500,17.83800,0.11200,233.59540,8.00000
107.00000,459.68300,469.09400,14.08400,0.07200,231.88960,9.00000
