4.00000,222.59700,14.12800,17.10000,0.13000,219.03990,4.00000
9.00000,290.06000,32.29300,17.90600,0.15700,218.19450,4.00000
21.00000,380.07300,74.96700,15.74800,0.10700,216.82440,4.00000
22.00000,273.92500,83.97100,15.33100,0.11000,218.20220,4.00000
34.00000,225.53200,130.84200,17.53600,0.10800,218.50330,4.00000
71.00000,133.10100,260.95800,13.03400,0.09400,219.93770,4.00000
104.00000,112.85000,434.81400,19.28100,0.49400,218.79620,4.00000
1.00000,245.76700,4.23200,17.62300,0.16100,220.06830,5.00000
3.00000,414.62700,6.53700,17.71200,0.15200,218.31650,5.00000
8.00000,506.84400,28.10600,15.22200,0.14400,221.08290,5.00000
10.00000,109.92700,33.61200,17.81400,0.14500,218.30520,5.00000
11.00000,186.92900,36.36100,14.85200,0.12700,217.03670,5.00000
13.00000,73.02000,46.00900,18.06900,0.22800,215.59410,5.00000
17.00000,74.39400,60.11500,17.79800,0.18200,216.35560,5.00000
18.00000,19.15200,63.52900,13.94300,0.13500,218.36960,5.00000
23.00000,292.93900,91.21500,17.93700,0.15600,217.33190,5.00000
24.00000,350.40300,91.69500,17.61600,0.11300,218.79650,5.00000
26.00000,383.56600,99.38700,17.95800,0.17500,219.42680,5.00000
27.00000,82.87600,106.81700,16.75500,0.11600,216.85190,5.00000
30.00000,369.84100,122.38100,16.73900,0.10500,218.67850,5.00000
31.00000,67.44700,124.98500,14.71100,0.13200,217.14110,5.00000
37.00000,158.67100,141.89200,17.63000,0.10200,213.98340,5.00000
38.00000,305.98100,148.59300,10.70900,0.09300,233.81500,5.00000
39.00000,38.32300,152.03500,15.46800,0.12900,216.90010,5.00000
40.00000,8.85100,154.90300,14.87400,0.13100,217.17500,5.00000
42.00000,222.84000,164.18800,10.87200,0.11600,230.90370,5.00000
46.00000,35.83700,171.83200,16.38800,0.10900,214.38590,5.00000
49.00000,137.86600,179.17700,18.50400,0.24600,217.54070,5.00000
50.00000,401.94900,189.83000,16.95700,0.07900,216.26820,5.00000
53.00000,405.28100,196.83000,17.38300,0.13600,216.24500,5.00000
52.00000,87.72300,197.59100,18.10800,0.16200,214.41420,5.00000
58.00000,52.75400,218.91400,16.95700,0.10600,217.73900,5.00000
59.00000,490.49000,219.38900,18.07900,0.19800,219.21010,5.00000
60.00000,397.69000,222.76100,17.78100,0.14200,218.08230,5.00000
65.00000,31.76000,239.82100,16.74100,0.10400,217.62990,5.00000
70.00000,117.78600,260.79600,17.22800,0.10700,220.06380,5.00000
72.00000,380.76900,267.23300,15.42500,0.07600,216.45360,5.00000
74.00000,252.43200,273.12300,17.25000,0.10900,215.51640,5.00000
76.00000,283.66400,281.19400,13.03900,0.09300,221.43790,5.00000
78.00000,152.99400,301.84500,16.26200,0.08300,218.15580,5.00000
81.00000,217.95200,327.67600,16.00500,0.09400,216.65060,5.00000
86.00000,274.58900,363.18700,15.60200,0.09200,223.80300,5.00000
89.00000,288.15600,392.55500,17.21100,0.11000,233.53140,5.00000
90.00000,7.18300,395.11500,13.87700,0.10200,218.60660,5.00000
99.00000,256.54800,430.53300,16.47000,0.09900,226.72680,5.00000
100.00000,177.04800,431.53200,19.43700,0.51800,219.50590,5.00000
103.00000,240.52900,434.15100,17.43800,0.10500,222.51340,5.00000
108.00000,326.07100,460.47900,17.50200,0.09700,218.02890,5.00000
110.00000,456.02600,471.62800,13.89800,0.09400,222.77020,5.00000
111.00000,90.69600,477.10700,15.69800,0.08300,219.53930,5.00000
116.00000,431.06500,503.78100,16.86000,0.13100,221.77220,5.00000
2.00000,69.10800,5.91900,14.76100,0.14300,215.61250,6.00000
6.00000,4.98000,21.75100,17.17600,0.16600,216.95010,6.00000
7.00000,470.38600,22.20800,17.57900,0.17900,220.10620,6.00000
12.00000,321.56800,39.26600,17.56800,0.15400,217.48710,6.00000
14.00000,464.01600,50.28000,15.78100,0.12300,219.66390,6.00000
16.00000,497.24200,50.99300,13.77700,0.14300,221.41870,6.00000
15.00000,185.65100,51.78000,17.66200,0.14000,218.14390,6.00000
19.00000,332.08300,69.27400,15.55300,0.12500,217.44010,6.00000
20.00000,126.97100,73.27900,18.19600,0.25300,218.51400,6.00000
25.00000,377.74200,95.58900,16.74100,0.12500,217.81800,6.00000
28.00000,328.66400,114.73900,16.16100,0.11300,218.46590,6.00000
29.00000,146.11300,115.79000,16.43800,0.10200,218.78220,6.00000
32.00000,256.74700,126.43100,17.49200,0.14400,216.11690,6.00000
33.00000,285.95700,129.53900,16.25600,0.07500,218.15850,6.00000
41.00000,501.62800,155.00000,17.22800,0.12100,216.54930,6.00000
43.00000,235.82200,168.51000,17.19300,0.11800,224.84130,6.00000
48.00000,377.87800,172.62100,15.95700,0.08200,215.41880,6.00000
47.00000,181.87200,172.70200,16.92800,0.09300,216.06210,6.00000
51.00000,260.48500,190.67800,16.99500,0.12000,218.06930,6.00000
55.00000,30.09500,206.60100,13.69700,0.10000,219.08580,6.00000
56.00000,502.43400,213.59700,17.84000,0.17800,217.44250,6.00000
57.00000,58.87900,215.48300,16.97000,0.11400,217.20350,6.00000
61.00000,435.62200,225.89700,15.24600,0.11200,218.70430,6.00000
62.00000,185.36700,233.86600,17.84200,0.15900,217.44190,6.00000
64.00000,495.70100,238.36800,14.82800,0.09800,217.79190,6.00000
68.00000,454.09400,247.08700,17.88400,0.13800,217.82030,6.00000
67.00000,100.00400,247.28900,14.41600,0.09300,219.41420,6.00000
73.00000,374.79300,268.57800,15.55800,0.11200,216.68750,6.00000
77.00000,178.62800,283.60100,17.02800,0.11100,218.03250,6.00000
82.00000,311.07200,327.76600,16.16600,0.10500,218.31230,6.00000
83.00000,410.78300,329.25000,13.17700,0.08700,219.83110,6.00000
84.00000,443.89700,333.62800,13.52200,0.09600,219.53400,6.00000
85.00000,251.80800,360.17100,17.78100,0.11000,220.05740,6.00000
87.00000,46.00600,380.23100,16.25800,0.09100,216.84630,6.00000
88.00000,151.85600,391.31400,16.60200,0.08100,215.64800,6.00000
97.00000,393.31600,408.10300,16.35800,0.09900,216.62450,6.00000
101.00000,402.33300,433.44400,17.45100,0.11700,217.98330,6.00000
106.00000,362.75800,442.13200,16.32800,0.08000,218.93130,6.00000
107.00000,5.48200,456.43800,16.88200,0.14300,218.32730,6.00000
109.00000,422.69200,469.32900,16.81700,0.10200,218.55830,6.00000
112.00000,78.08900,479.49600,15.06600,0.09100,219.77130,6.00000
113.00000,86.12600,481.71700,15.64600,0.08500,219.03820,6.00000
114.00000,427.23600,489.05700,18.03900,0.19700,221.44670,6.00000
115.00000,290.99100,500.32100,17.45900,0.12100,220.55880,6.00000
44.00000,394.55000,171.39900,17.53500,0.13400,218.28430,7.00000
54.00000,62.22200,204.52500,17.17000,0.11500,216.44830,7.00000
63.00000,145.57000,236.09800,17.45700,0.14600,219.11890,7.00000
69.00000,99.92400,253.21100,17.11100,0.09200,219.62350,7.00000
75.00000,258.80400,276.62700,16.40200,0.09900,217.17420,7.00000
79.00000,163.48400,311.54800,16.85600,0.11600,215.54120,7.00000
80.00000,348.05300,323.49900,16.06800,0.09800,219.75550,7.00000
91.00000,117.82500,401.45100,16.92000,0.08600,218.75610,7.00000
96.00000,276.76300,406.05400,9.79500,0.10100,274.01650,7.00000
95.00000,193.30100,405.79900,17.48000,0.15600,219.89980,7.00000
102.00000,163.43800,434.43300,19.14800,0.50000,218.63830,7.00000
105.00000,337.17800,439.52500,16.01700,0.11200,218.60750,7.00000
5.00000,354.34500,20.61700,15.69000,0.13800,219.23970,8.00000
36.00000,326.28600,140.85600,17.14300,0.09900,223.15980,10.00000
93.00000,268.62800,403.80800,16.29300,0.08100,245.37960,18.00000
