25.00000,369.62000,121.43400,16.89300,0.08000,218.88580,4.00000
52.00000,397.03900,221.85200,17.78000,0.13300,218.49980,4.00000
56.00000,31.44400,239.32200,16.89500,0.08200,216.99860,4.00000
68.00000,178.57200,282.86100,17.17300,0.08000,217.67800,4.00000
80.00000,351.08700,365.11400,19.40000,0.53200,215.75250,4.00000
83.00000,287.81000,391.75300,17.26100,0.09200,239.12950,4.00000
87.00000,276.48500,405.27300,9.77700,0.05800,273.31190,4.00000
6.00000,4.98300,20.85100,17.32600,0.10600,218.54400,5.00000
7.00000,470.32900,21.67400,17.56500,0.13400,220.26340,5.00000
8.00000,506.81700,27.23400,15.33500,0.09600,218.66550,5.00000
29.00000,225.36100,130.28200,17.78800,0.10500,220.67820,5.00000
41.00000,181.83100,171.82100,17.03000,0.06500,215.51850,5.00000
43.00000,401.84800,189.00800,17.18700,0.10700,219.37560,5.00000
55.00000,495.44100,237.45200,14.96400,0.07900,220.84630,5.00000
57.00000,99.86600,246.44400,14.50100,0.06700,219.57970,5.00000
58.00000,509.11200,251.25200,18.32000,0.19800,220.12290,5.00000
65.00000,252.25500,272.09500,17.68600,0.10900,219.84840,5.00000
66.00000,258.49800,275.59300,16.63000,0.08900,219.95220,5.00000
78.00000,274.38500,362.18900,15.80400,0.08300,222.98970,5.00000
86.00000,117.40300,400.85700,17.07800,0.08400,218.44320,5.00000
95.00000,240.29100,433.60500,17.82100,0.12600,222.41410,5.00000
97.00000,362.64200,441.37100,16.51000,0.08400,220.66560,5.00000
100.00000,422.54700,468.49900,17.12500,0.10900,221.94750,5.00000
101.00000,455.78200,470.67600,14.07400,0.07300,221.84030,5.00000
1.00000,245.99000,3.79400,17.80400,0.14000,220.21570,6.00000
2.00000,69.02800,5.16200,14.87000,0.11500,219.55280,6.00000
9.00000,186.86300,35.64400,14.99500,0.07600,219.42660,6.00000
15.00000,19.05600,62.77600,14.08000,0.09800,216.84150,6.00000
18.00000,273.80100,83.19900,15.50100,0.07500,219.39010,6.00000
19.00000,350.60300,90.98500,17.90100,0.15700,218.51240,6.00000
20.00000,377.39300,94.85000,16.95800,0.09900,218.80630,6.00000
21.00000,82.87000,105.92500,16.91100,0.08300,215.93510,6.00000
24.00000,145.96100,114.94100,16.60900,0.08200,218.25060,6.00000
28.00000,285.81600,128.63300,16.38100,0.07600,220.59380,6.00000
31.00000,326.01600,140.08800,17.37200,0.11600,223.06650,6.00000
30.00000,158.75800,140.97300,17.84200,0.12900,217.06980,6.00000
32.00000,305.77600,147.76300,10.83100,0.07500,232.99790,6.00000
33.00000,38.17800,151.34000,15.65200,0.08300,217.29750,6.00000
34.00000,8.72100,154.22600,14.98100,0.08600,217.66690,6.00000
35.00000,501.57600,154.23100,17.46100,0.12500,221.15480,6.00000
38.00000,373.45100,168.92600,17.05200,0.11200,218.66290,6.00000
39.00000,394.31800,170.01700,17.74200,0.12600,217.46780,6.00000
40.00000,35.70600,171.15600,16.59800,0.10400,217.34180,6.00000
42.00000,377.68400,171.72400,16.11700,0.09000,218.38970,6.00000
45.00000,405.12300,195.75000,17.62000,0.14600,219.51280,6.00000
49.00000,29.95200,205.81500,13.83000,0.07800,218.99770,6.00000
50.00000,58.86700,214.60900,17.08700,0.08500,218.11870,6.00000
54.00000,145.16600,235.19500,17.75200,0.10900,219.62300,6.00000
61.00000,117.50900,259.89800,17.37800,0.10000,219.61250,6.00000
62.00000,132.92200,260.23800,13.19600,0.06700,222.12850,6.00000
63.00000,380.64000,266.19300,15.59900,0.08100,218.10420,6.00000
69.00000,152.70000,301.15900,16.50200,0.08000,218.83320,6.00000
71.00000,217.41200,309.58600,16.92900,0.09500,217.04270,6.00000
72.00000,163.08100,310.57900,16.96300,0.09500,219.03320,6.00000
75.00000,217.60600,326.85400,16.16800,0.07100,219.65200,6.00000
74.00000,310.85300,326.96000,16.29500,0.06700,219.13210,6.00000
76.00000,410.55800,328.24700,13.34700,0.07900,222.42950,6.00000
77.00000,443.69500,332.63800,13.70800,0.07400,221.95460,6.00000
82.00000,151.81800,390.44600,16.76000,0.08300,219.00440,6.00000
88.00000,193.34000,404.45900,17.67900,0.15600,220.15790,6.00000
89.00000,393.00600,407.16800,16.59500,0.08600,220.21510,6.00000
91.00000,298.90600,407.49400,18.47500,0.19900,229.66820,6.00000
94.00000,402.11100,432.14300,17.53300,0.12700,221.40930,6.00000
96.00000,336.89400,438.41700,16.09600,0.08600,220.79950,6.00000
98.00000,5.33800,455.62100,17.12900,0.09300,216.47480,6.00000
99.00000,325.73300,459.89700,17.56400,0.14300,219.46040,6.00000
102.00000,90.53800,476.29200,15.87100,0.06700,220.94020,6.00000
104.00000,86.00700,480.84500,15.75100,0.06400,221.50860,6.00000
105.00000,430.80200,502.54000,17.04300,0.11600,223.24250,6.00000
106.00000,53.45000,511.10600,17.09700,0.07900,218.80640,6.00000
3.00000,414.43300,5.88900,18.23800,0.24300,220.12410,7.00000
4.00000,222.60500,13.37600,17.28000,0.08800,219.22040,7.00000
5.00000,354.12900,19.84300,15.69400,0.08900,218.30330,7.00000
10.00000,321.22400,38.20500,17.99700,0.18600,218.97820,7.00000
12.00000,463.92700,49.54400,15.91100,0.08900,220.09920,7.00000
13.00000,497.11400,50.17900,13.88600,0.09800,220.66640,7.00000
16.00000,331.92000,68.51800,15.62900,0.07700,217.23470,7.00000
17.00000,379.89600,74.19400,15.90700,0.09000,218.45030,7.00000
23.00000,328.43300,114.06600,16.38500,0.09400,218.30770,7.00000
26.00000,67.33200,124.20900,14.86800,0.07700,219.01700,7.00000
27.00000,256.36000,125.58400,17.83900,0.13300,219.64380,7.00000
36.00000,222.65100,163.35600,10.98400,0.07200,230.20560,7.00000
37.00000,235.44200,167.58100,17.38300,0.09700,221.61250,7.00000
44.00000,260.37600,189.99400,17.16000,0.11200,218.91810,7.00000
46.00000,359.52600,201.64200,16.61000,0.08700,219.11390,7.00000
47.00000,62.05300,203.68500,17.25500,0.13700,217.97790,7.00000
51.00000,52.67200,218.25600,17.14800,0.09900,218.72610,7.00000
53.00000,435.44300,225.10100,15.44700,0.08000,218.43500,7.00000
59.00000,319.71400,252.58000,17.81800,0.13700,217.71360,7.00000
60.00000,225.40400,259.91700,16.11500,0.07500,217.01840,7.00000
64.00000,374.64500,267.68200,15.68800,0.08000,219.52670,7.00000
67.00000,283.44600,280.31600,13.25300,0.07100,221.73280,7.00000
70.00000,298.36700,308.95300,14.82300,0.06600,219.47440,7.00000
73.00000,347.76100,322.43500,16.17000,0.07400,218.96820,7.00000
79.00000,197.23100,364.90600,15.10200,0.06200,216.15620,7.00000
81.00000,45.84500,379.28800,16.39800,0.07200,219.21000,7.00000
92.00000,256.27800,429.32100,16.68500,0.08400,226.80960,7.00000
103.00000,77.94300,478.51700,15.11100,0.07200,218.86290,7.00000
22.00000,243.20100,105.64400,19.17300,0.47100,219.14480,8.00000
85.00000,7.03900,394.50800,14.05400,0.06900,219.62080,8.00000
