15.00000,494.84500,49.02600,13.71800,0.11600,246.35050,4.00000
17.00000,71.73600,58.12700,17.72800,0.17800,241.42890,4.00000
44.00000,140.94000,148.50300,19.25900,0.53900,243.50790,4.00000
68.00000,143.26200,234.11600,17.44300,0.12000,244.78940,4.00000
85.00000,150.47500,299.90800,16.28900,0.09700,245.32540,4.00000
116.00000,399.70700,431.28000,17.32200,0.10300,249.22450,4.00000
132.00000,288.29700,498.41100,17.48600,0.09600,243.97320,4.00000
2.00000,66.68900,3.93700,14.75300,0.13900,241.28920,5.00000
7.00000,467.88900,20.34800,17.56200,0.15900,244.39210,5.00000
8.00000,504.52300,26.13400,15.21900,0.12000,245.39680,5.00000
9.00000,287.63700,30.38500,17.77400,0.12100,242.29290,5.00000
10.00000,107.25600,31.65800,17.81500,0.16700,241.69120,5.00000
13.00000,70.57100,44.16700,18.16600,0.20800,241.94040,5.00000
14.00000,461.59600,48.25100,15.75200,0.11400,244.84980,5.00000
16.00000,183.34000,49.90000,17.60700,0.14400,243.29940,5.00000
20.00000,124.59300,71.32800,18.22700,0.17900,242.27980,5.00000
21.00000,377.68800,72.97700,15.75200,0.09500,240.53660,5.00000
24.00000,271.52600,81.95200,15.27700,0.10600,241.44850,5.00000
25.00000,28.04300,84.91600,18.79700,0.38400,240.71900,5.00000
27.00000,348.02400,89.72100,17.75600,0.14300,241.91560,5.00000
30.00000,380.90600,97.31600,17.88400,0.11700,244.04500,5.00000
32.00000,80.55300,104.94300,16.77900,0.11000,241.90530,5.00000
34.00000,143.65700,113.78000,16.41300,0.10000,242.05600,5.00000
35.00000,264.22600,114.60900,18.03100,0.13100,242.81980,5.00000
37.00000,65.00900,122.97600,14.75900,0.10300,243.53540,5.00000
40.00000,223.35000,128.89700,17.59500,0.10300,245.64450,5.00000
45.00000,35.89200,150.08700,15.51200,0.10800,241.47200,5.00000
46.00000,6.39600,152.95900,14.86800,0.12300,241.67010,5.00000
48.00000,220.36600,162.22700,10.88000,0.09200,256.06700,5.00000
52.00000,33.47400,169.91900,16.34700,0.10100,241.16350,5.00000
56.00000,258.05900,188.83100,17.01000,0.10000,245.14490,5.00000
57.00000,145.65400,193.57900,17.80300,0.13800,243.58180,5.00000
63.00000,56.65800,213.36100,16.95900,0.08000,239.88740,5.00000
65.00000,395.11800,220.60000,17.82900,0.14000,246.20000,5.00000
67.00000,182.77500,231.73500,17.67600,0.11400,242.25490,5.00000
70.00000,29.29500,237.93600,16.80900,0.09700,239.80490,5.00000
72.00000,451.64000,245.25800,17.90500,0.14300,245.88130,5.00000
73.00000,507.46600,249.60000,18.33300,0.23400,245.53180,5.00000
76.00000,115.46600,258.91200,17.27000,0.10400,246.51900,5.00000
77.00000,130.68200,259.00200,13.01700,0.09100,246.22760,5.00000
80.00000,249.88800,271.38800,17.46800,0.11200,244.81040,5.00000
83.00000,281.21100,279.15400,13.15100,0.06600,248.18320,5.00000
93.00000,408.29800,327.14600,13.17400,0.07800,248.20290,5.00000
95.00000,249.60500,357.75500,17.85200,0.10400,246.14230,5.00000
103.00000,126.58000,386.56800,18.11600,0.19200,242.70900,5.00000
106.00000,4.77000,393.21900,13.84800,0.09500,242.30210,5.00000
109.00000,115.27100,399.66500,16.99100,0.08600,243.36770,5.00000
111.00000,190.60700,403.93800,17.28800,0.09500,246.28530,5.00000
112.00000,274.51100,403.96900,9.77700,0.07600,300.63930,5.00000
113.00000,390.87300,406.00300,16.32500,0.07400,247.33140,5.00000
114.00000,489.27800,406.10300,17.91800,0.10200,248.76360,5.00000
117.00000,238.04600,432.25600,17.46800,0.10600,247.37560,5.00000
119.00000,360.42000,440.11500,16.29200,0.07900,247.18220,5.00000
123.00000,420.19700,467.44500,16.87100,0.07900,249.28520,5.00000
124.00000,345.41500,467.88200,19.08200,0.48200,246.69860,5.00000
127.00000,88.31500,475.12600,15.68600,0.08500,246.06330,5.00000
1.00000,243.31300,2.27300,17.51800,0.13800,241.68760,6.00000
3.00000,412.19900,4.71300,17.82400,0.14000,243.44300,6.00000
5.00000,351.90600,18.60500,15.48600,0.10500,242.06360,6.00000
6.00000,2.68600,19.66700,17.29800,0.14600,236.73870,6.00000
12.00000,319.11000,37.12700,17.44100,0.14800,239.31480,6.00000
18.00000,16.74500,61.61700,13.96600,0.13500,241.20810,6.00000
28.00000,290.53500,89.55800,17.73600,0.12100,242.65160,6.00000
29.00000,375.18900,93.49100,16.76000,0.13200,243.44590,6.00000
31.00000,48.78400,98.78000,18.48100,0.26600,242.05440,6.00000
33.00000,326.21200,112.86600,16.11800,0.09300,242.51430,6.00000
36.00000,367.54400,120.46500,17.00500,0.12500,244.11370,6.00000
38.00000,254.20000,124.56000,17.62700,0.09700,242.28930,6.00000
41.00000,323.85100,139.00300,17.14100,0.12900,247.47700,6.00000
42.00000,156.26700,139.92900,17.62800,0.12700,243.50780,6.00000
43.00000,303.55900,146.65600,10.72400,0.07900,257.03250,6.00000
47.00000,499.26200,152.93700,17.21500,0.11800,245.55760,6.00000
50.00000,233.41200,166.61600,17.23700,0.12100,247.73970,6.00000
53.00000,179.50500,170.68400,16.96400,0.09200,243.15240,6.00000
55.00000,399.61200,187.67300,16.94700,0.11500,244.24500,6.00000
58.00000,402.75700,194.72900,17.51300,0.10400,244.69980,6.00000
60.00000,59.85800,202.57100,17.12700,0.10600,240.44500,6.00000
61.00000,27.67900,204.64500,13.66700,0.10100,238.45950,6.00000
64.00000,50.36600,216.92900,16.91700,0.09000,239.51920,6.00000
66.00000,433.14100,223.88300,15.21500,0.09000,245.14200,6.00000
69.00000,493.25000,236.38700,14.85000,0.07900,246.07620,6.00000
71.00000,97.63900,245.33400,14.34700,0.09000,244.81390,6.00000
78.00000,378.36900,265.15400,15.48500,0.07200,247.68050,6.00000
79.00000,372.31900,266.58000,15.57700,0.06600,247.95750,6.00000
84.00000,176.30200,281.85200,17.01300,0.10200,243.59510,6.00000
86.00000,296.16200,307.75700,14.70700,0.06700,247.00550,6.00000
87.00000,215.20300,308.78400,16.84800,0.11300,246.91080,6.00000
91.00000,215.52200,325.69900,16.01000,0.09300,247.22230,6.00000
94.00000,441.54700,331.63800,13.59000,0.07600,248.22840,6.00000
97.00000,195.02600,363.75300,14.87800,0.07900,244.41870,6.00000
98.00000,74.26300,371.66500,17.97100,0.17200,242.49510,6.00000
99.00000,43.69400,378.22300,16.19000,0.10200,241.56840,6.00000
104.00000,149.48100,389.35700,16.62400,0.07300,244.85350,6.00000
115.00000,253.99500,428.51000,16.43100,0.07800,251.48660,6.00000
120.00000,3.04800,454.53900,16.87100,0.09900,240.95330,6.00000
121.00000,323.57100,458.73200,17.43300,0.08800,246.01030,6.00000
128.00000,75.71600,477.42900,14.98600,0.08500,243.88160,6.00000
131.00000,424.79900,487.28000,17.86000,0.12100,248.88650,6.00000
134.00000,51.10900,509.90200,16.88700,0.09600,243.61700,6.00000
4.00000,220.34100,12.36600,17.16600,0.12400,240.18980,7.00000
11.00000,184.50500,34.41400,14.86300,0.11900,243.14530,7.00000
19.00000,329.74200,67.35700,15.53200,0.09800,242.98400,7.00000
22.00000,357.64700,75.23000,19.27000,0.52500,240.45760,7.00000
39.00000,283.65500,127.62100,16.38900,0.09600,242.07130,7.00000
51.00000,371.27100,167.62000,16.85500,0.10800,246.22180,7.00000
54.00000,375.46200,170.63300,16.02600,0.08600,245.29500,7.00000
62.00000,500.06500,211.49800,17.65300,0.13200,244.55600,7.00000
74.00000,97.62300,251.04000,17.21100,0.15900,244.75590,7.00000
82.00000,256.34900,274.72500,16.49900,0.09400,245.03160,7.00000
88.00000,160.86600,309.54800,16.79300,0.08600,245.74660,7.00000
92.00000,308.69400,325.94800,16.19500,0.08300,246.09680,7.00000
96.00000,272.16800,361.17200,15.66100,0.07600,250.36860,7.00000
100.00000,407.23600,378.87900,18.03800,0.16500,247.45030,7.00000
101.00000,299.94500,380.51200,19.37500,0.50700,251.02150,7.00000
105.00000,285.58500,390.43200,17.15100,0.07000,260.30430,7.00000
118.00000,334.85000,437.42600,15.95100,0.07100,247.73060,7.00000
125.00000,453.66300,469.75000,13.98500,0.08700,250.03270,7.00000
133.00000,428.74800,501.76600,16.87000,0.10300,249.00100,7.00000
59.00000,357.33400,200.59700,16.54600,0.09000,244.56320,8.00000
75.00000,223.03700,258.74200,15.95500,0.08500,243.23430,8.00000
129.00000,83.76900,479.74900,15.67900,0.09800,246.20630,8.00000
110.00000,266.70100,400.13900,16.29000,0.08300,277.85120,9.00000
90.00000,345.72200,321.39800,16.03100,0.07800,246.31230,10.00000
126.00000,84.46900,475.65500,17.54600,0.20800,246.85880,15.00000
