36.00000,12.71900,152.45300,14.93800,0.11000,233.22970,4.00000
119.00000,155.70800,388.62300,16.67100,0.07500,232.93960,4.00000
1.00000,72.92600,3.55500,14.78000,0.13000,233.61860,5.00000
14.00000,501.01500,48.62700,13.75600,0.09900,233.59080,5.00000
23.00000,86.86500,104.34400,16.84200,0.11800,231.61760,5.00000
30.00000,289.83000,126.94200,16.50600,0.09100,233.92150,5.00000
32.00000,329.96900,138.39300,17.23200,0.10600,236.67830,5.00000
39.00000,433.46700,161.34800,18.29100,0.21300,229.64240,5.00000
43.00000,239.58200,165.88900,17.22700,0.10500,238.06810,5.00000
60.00000,33.93100,204.04900,13.81300,0.09700,234.95650,5.00000
61.00000,62.90600,212.86800,17.14900,0.09800,234.04620,5.00000
67.00000,149.48400,233.58000,17.69800,0.11600,232.59480,5.00000
90.00000,182.55700,281.16400,17.13900,0.08500,231.30590,5.00000
113.00000,201.27000,363.20400,15.07100,0.08800,233.59350,5.00000
4.00000,226.68300,11.75300,17.24300,0.15800,231.47260,6.00000
6.00000,8.83000,19.00700,17.40800,0.14000,232.27710,6.00000
8.00000,510.82900,25.69700,15.28200,0.09900,231.88790,6.00000
10.00000,190.81800,33.92000,15.00000,0.11100,232.33550,6.00000
12.00000,77.29900,43.45300,18.12700,0.21600,233.68620,6.00000
13.00000,467.86700,47.82500,15.86000,0.10100,231.77140,6.00000
16.00000,77.95000,57.75500,17.67800,0.15200,232.98780,6.00000
17.00000,22.95300,61.05100,14.02000,0.13800,234.29370,6.00000
18.00000,335.96300,66.74400,15.66600,0.09600,231.03390,6.00000
19.00000,383.91700,72.56500,15.78800,0.07900,231.32340,6.00000
26.00000,332.45300,112.28000,16.22400,0.08600,232.05840,6.00000
29.00000,71.20200,122.51500,14.78500,0.11200,232.80480,6.00000
31.00000,229.37700,128.19100,17.85100,0.13800,232.36720,6.00000
35.00000,42.10400,149.54800,15.55800,0.10100,234.00470,6.00000
42.00000,377.55500,167.07600,16.96500,0.08300,231.27490,6.00000
44.00000,398.21400,168.87300,17.77600,0.13900,229.38810,6.00000
45.00000,39.68900,169.39000,16.48800,0.11800,234.73860,6.00000
52.00000,52.98800,183.21200,19.12500,0.47500,233.25210,6.00000
53.00000,405.75700,187.42700,17.03500,0.10200,231.35590,6.00000
72.00000,103.88300,244.68300,14.47400,0.08500,232.98220,6.00000
74.00000,323.97600,250.44400,17.87600,0.14600,230.40020,6.00000
80.00000,384.73600,264.57300,15.57800,0.07300,232.53780,6.00000
84.00000,256.23400,270.56900,17.45800,0.13300,230.32480,6.00000
114.00000,80.20200,370.62800,17.91900,0.15900,235.05030,6.00000
124.00000,272.28100,400.78600,16.33200,0.06200,262.88060,6.00000
145.00000,94.48800,474.53600,15.76200,0.08100,241.14470,6.00000
146.00000,81.95900,476.85800,15.16600,0.09200,242.35050,6.00000
149.00000,89.94300,479.12300,15.73900,0.09100,241.59720,6.00000
151.00000,431.36700,486.09800,17.94000,0.12700,232.48990,6.00000
2.00000,418.75000,4.71500,18.20900,0.22900,229.56110,7.00000
5.00000,358.06500,18.04600,15.60900,0.11600,229.17970,7.00000
7.00000,474.16000,19.78200,17.64500,0.18600,231.67630,7.00000
11.00000,325.58700,36.66700,17.80100,0.11600,231.23110,7.00000
21.00000,277.86300,81.45700,15.38700,0.08100,229.99450,7.00000
25.00000,150.00600,113.23400,16.52700,0.09600,231.97170,7.00000
27.00000,373.69800,119.85200,16.92400,0.09100,232.10450,7.00000
34.00000,309.79500,146.08300,10.80700,0.07800,242.41070,7.00000
37.00000,505.67200,152.47400,17.47700,0.11700,231.17200,7.00000
54.00000,264.27600,188.35100,17.28500,0.14300,233.31400,7.00000
57.00000,409.02300,194.17000,17.69000,0.12600,231.23360,7.00000
59.00000,66.01000,201.88200,17.10900,0.09600,232.23930,7.00000
62.00000,56.77300,216.35800,17.05400,0.09600,234.07590,7.00000
68.00000,499.52400,235.83700,14.92900,0.08200,230.71540,7.00000
75.00000,121.43800,258.19900,17.29700,0.12000,235.15020,7.00000
79.00000,229.30900,258.32100,16.10900,0.10600,232.71100,7.00000
83.00000,378.67400,265.98700,15.70100,0.06500,231.19410,7.00000
86.00000,262.78100,274.02900,16.57000,0.06700,232.41670,7.00000
89.00000,287.57000,278.52100,13.30100,0.08200,233.68420,7.00000
91.00000,156.82700,299.26400,16.38500,0.08400,231.70800,7.00000
96.00000,302.49000,307.15100,14.82900,0.07800,233.18610,7.00000
100.00000,351.91800,320.80200,16.13400,0.06900,231.97560,7.00000
104.00000,221.80800,325.19000,16.22200,0.08300,232.41310,7.00000
110.00000,278.54200,360.56100,15.71900,0.08600,234.00460,7.00000
115.00000,49.82400,377.54500,16.28300,0.09000,234.66350,7.00000
120.00000,10.99800,392.52600,13.94400,0.09200,240.30680,7.00000
125.00000,121.73800,399.16900,17.02600,0.09800,235.81480,7.00000
126.00000,196.93300,403.35200,17.63500,0.15200,234.65760,7.00000
133.00000,260.30800,427.80200,16.67900,0.10300,238.89080,7.00000
136.00000,341.04000,436.91100,16.04800,0.07800,231.93480,7.00000
139.00000,9.27600,454.08100,17.02000,0.11500,235.86170,7.00000
142.00000,426.66600,466.99800,17.03500,0.10300,231.23240,7.00000
153.00000,294.93800,497.67100,17.70900,0.11300,235.21260,7.00000
157.00000,7.34600,512.06500,16.54700,0.10100,248.05130,7.00000
15.00000,189.71600,49.09900,17.83100,0.12900,232.32100,8.00000
22.00000,387.49700,96.98200,18.08600,0.18300,231.86240,8.00000
33.00000,162.69900,139.49000,17.82700,0.15000,231.47420,8.00000
40.00000,226.66100,161.61200,10.92300,0.08700,244.37110,8.00000
46.00000,185.87600,170.13800,17.18500,0.11100,232.12090,8.00000
58.00000,363.45900,199.97000,16.52600,0.07400,231.32900,8.00000
69.00000,35.77700,237.40300,16.93600,0.09400,233.33430,8.00000
97.00000,221.58000,307.96900,16.84400,0.11000,232.36550,8.00000
98.00000,167.33800,308.83900,16.88600,0.08800,230.94150,8.00000
103.00000,414.68900,326.51500,13.26900,0.07400,232.46700,8.00000
108.00000,447.77600,331.10400,13.69500,0.06700,233.03780,8.00000
112.00000,99.20100,363.68500,18.79700,0.39100,234.64690,8.00000
116.00000,281.19300,383.21000,18.22300,0.19800,246.63980,8.00000
128.00000,397.17300,405.59200,16.51000,0.05500,231.71210,8.00000
137.00000,366.79800,439.52800,16.46400,0.07100,232.61720,8.00000
141.00000,329.95000,458.17700,17.68400,0.16300,231.74960,8.00000
144.00000,459.87900,469.15800,14.07100,0.07200,231.60790,8.00000
158.00000,57.60400,509.21400,17.05200,0.12200,246.52950,8.00000
105.00000,314.96200,325.30200,16.29400,0.07300,232.87780,9.00000
130.00000,280.50000,403.03400,9.84600,0.05500,288.18970,9.00000
134.00000,406.17400,430.58800,17.39400,0.08700,230.35160,9.00000
154.00000,434.99200,501.25800,17.05600,0.07100,234.88730,9.00000
47.00000,381.72800,170.06600,16.16300,0.07300,231.84940,10.00000
63.00000,494.48000,216.94600,18.18500,0.21800,230.78330,10.00000
65.00000,439.45600,223.40800,15.37700,0.07800,230.74890,10.00000
76.00000,136.93200,258.46100,13.12200,0.08000,235.90430,10.00000
118.00000,291.90900,389.39600,17.44700,0.10000,247.09770,10.00000
121.00000,291.48100,392.74800,18.04900,0.13400,246.46120,15.00000
