8.00000,503.79000,26.07300,15.21900,0.14200,246.84800,4.00000
9.00000,286.96100,30.10500,17.93100,0.17400,244.68470,4.00000
22.00000,376.93400,72.92200,15.75800,0.11300,247.72140,4.00000
24.00000,270.83100,81.88200,15.35400,0.12200,245.69620,4.00000
36.00000,64.35700,122.85100,14.69800,0.15300,244.52280,4.00000
39.00000,222.44100,128.90600,17.57400,0.14100,246.89500,4.00000
46.00000,219.72400,162.14400,10.88200,0.12700,261.97130,4.00000
51.00000,391.53200,169.08100,17.43100,0.11800,248.47910,4.00000
67.00000,28.70900,237.79200,16.73400,0.13000,244.95450,4.00000
90.00000,52.77600,337.41600,18.51100,0.26500,246.26380,4.00000
95.00000,406.91500,378.30300,17.89900,0.11700,253.49600,4.00000
104.00000,273.62800,403.82600,9.82500,0.08600,301.91230,4.00000
112.00000,237.68800,432.30000,17.50000,0.12600,252.98960,4.00000
4.00000,219.42600,12.08600,17.18300,0.13400,241.79060,5.00000
7.00000,467.20600,20.08100,17.54700,0.19200,247.09270,5.00000
15.00000,460.87900,48.19700,15.78700,0.12600,246.88820,5.00000
17.00000,182.58800,49.78600,17.68700,0.16000,245.31730,5.00000
20.00000,424.59300,63.36700,19.12400,0.38400,246.05380,5.00000
21.00000,328.93400,67.21500,15.51300,0.11000,245.84910,5.00000
25.00000,289.80900,89.37700,17.47100,0.10500,245.59870,5.00000
26.00000,347.69600,89.77300,17.77300,0.17900,247.34500,5.00000
27.00000,374.49100,93.62000,16.73600,0.14700,246.52590,5.00000
31.00000,79.81400,104.75800,16.77100,0.13800,246.47890,5.00000
38.00000,282.84900,127.36900,16.32900,0.09700,249.50870,5.00000
40.00000,323.20600,138.74700,17.21200,0.14000,250.03660,5.00000
41.00000,155.78100,139.73100,17.55600,0.18200,247.61320,5.00000
43.00000,35.19500,150.01300,15.50500,0.15400,245.54040,5.00000
44.00000,498.74200,152.85300,17.34200,0.15600,246.99160,5.00000
45.00000,5.76400,152.85600,14.88800,0.14400,245.26020,5.00000
48.00000,232.81200,166.32100,17.15100,0.08800,251.25580,5.00000
50.00000,32.84500,169.71100,16.47000,0.12600,242.77670,5.00000
54.00000,398.84400,187.79200,16.90900,0.10300,248.39090,5.00000
55.00000,144.64700,193.53200,17.88900,0.11600,246.10650,5.00000
61.00000,49.84700,216.78200,17.02700,0.14100,246.58980,5.00000
66.00000,492.59500,236.28400,14.76700,0.11300,250.55890,5.00000
68.00000,96.93600,245.20900,14.35400,0.09800,249.58110,5.00000
69.00000,451.04900,245.23400,17.92000,0.16000,249.23540,5.00000
81.00000,175.66700,281.51100,16.99000,0.09600,248.53140,5.00000
85.00000,160.39500,309.32600,16.74900,0.11000,250.99870,5.00000
86.00000,344.85000,321.31500,15.99100,0.08200,252.03020,5.00000
88.00000,307.99100,325.66800,16.13300,0.07800,251.58970,5.00000
94.00000,42.86400,378.11800,16.28900,0.11200,246.41640,5.00000
97.00000,274.05000,388.04100,17.56700,0.10600,270.07200,5.00000
98.00000,148.86000,389.15900,16.52800,0.08500,249.18380,5.00000
99.00000,284.80900,390.43700,17.19900,0.10700,264.71440,5.00000
105.00000,190.27400,403.93400,17.39700,0.12100,250.28330,5.00000
110.00000,253.43500,428.38700,16.41300,0.10600,257.65050,5.00000
111.00000,399.00700,431.30300,17.41800,0.11800,252.44880,5.00000
118.00000,310.11000,462.31200,19.29500,0.47300,251.62390,5.00000
122.00000,87.72600,475.02600,15.75600,0.11800,250.18170,5.00000
123.00000,74.97200,477.31900,15.02400,0.09500,249.74540,5.00000
127.00000,287.92000,498.36800,17.36700,0.09900,248.95750,5.00000
129.00000,50.65400,509.73600,16.80900,0.11800,245.82910,5.00000
1.00000,243.03300,1.70500,17.48100,0.11300,238.80760,6.00000
3.00000,411.86300,4.59700,17.90400,0.20100,246.12620,6.00000
5.00000,351.10800,18.51600,15.57200,0.13500,247.31630,6.00000
6.00000,1.30100,19.46900,17.20700,0.24600,241.76430,6.00000
10.00000,183.86600,34.31200,14.93800,0.13900,245.61600,6.00000
12.00000,318.39200,37.20700,17.62600,0.15600,246.22190,6.00000
14.00000,70.22400,44.00500,18.21800,0.20700,244.77600,6.00000
16.00000,494.06400,48.96400,13.75700,0.15200,247.55420,6.00000
18.00000,71.35100,58.25900,18.05800,0.23800,244.65110,6.00000
29.00000,47.72600,98.74600,18.46400,0.25200,244.87580,6.00000
33.00000,325.51700,112.86300,16.26100,0.13600,247.15880,6.00000
32.00000,142.91600,113.76500,16.51000,0.13100,246.55010,6.00000
35.00000,366.76100,120.30400,16.77900,0.09000,246.07680,6.00000
53.00000,374.75900,170.57800,16.04600,0.10300,250.15350,6.00000
52.00000,178.78000,170.59200,16.96200,0.09600,246.38400,6.00000
56.00000,402.03100,194.94800,17.66400,0.16100,250.91730,6.00000
58.00000,59.10500,202.18100,17.14800,0.10600,245.86430,6.00000
60.00000,55.89700,213.23100,16.92300,0.11100,247.34660,6.00000
64.00000,182.10900,231.72700,17.82700,0.19300,249.45370,6.00000
74.00000,222.43100,258.58600,15.93000,0.11000,248.43770,6.00000
72.00000,114.76900,258.65200,17.30700,0.13900,250.86580,6.00000
73.00000,130.00100,258.85900,13.13900,0.11900,254.04670,6.00000
75.00000,479.45400,259.84900,19.41300,0.53800,249.10570,6.00000
76.00000,377.78800,265.09600,15.47800,0.09700,250.32600,6.00000
77.00000,371.68700,266.37100,15.48800,0.09900,250.51340,6.00000
78.00000,176.36800,268.38200,18.81200,0.32300,249.59400,6.00000
79.00000,255.78600,274.43400,16.47600,0.08100,249.00270,6.00000
82.00000,149.97700,299.61500,16.26000,0.10700,251.78680,6.00000
84.00000,214.57600,308.61100,16.81100,0.11500,251.05490,6.00000
100.00000,4.00300,393.09200,13.93700,0.12400,242.60380,6.00000
102.00000,114.82900,399.59000,16.83200,0.10100,245.61980,6.00000
108.00000,390.10900,405.92600,16.47600,0.12200,252.26030,6.00000
114.00000,436.69600,438.37700,19.06700,0.47500,254.86740,6.00000
115.00000,359.76600,440.12500,16.43200,0.09700,252.42760,6.00000
116.00000,2.24300,454.38800,16.85900,0.11800,242.82240,6.00000
119.00000,452.91000,469.52000,13.88200,0.08800,254.36440,6.00000
124.00000,83.06200,479.59300,15.73500,0.12500,250.07970,6.00000
128.00000,427.93200,501.57900,16.85600,0.12200,254.77610,6.00000
2.00000,65.97200,3.87600,14.91600,0.18400,242.69280,7.00000
19.00000,16.00100,61.45500,14.10200,0.15700,242.67180,7.00000
28.00000,380.65200,97.62200,17.79700,0.19800,246.54210,7.00000
34.00000,263.78400,114.13900,17.77600,0.14600,244.95530,7.00000
42.00000,302.90100,146.48100,10.71000,0.09700,260.60780,7.00000
57.00000,356.59700,200.39600,16.41200,0.11300,247.33720,7.00000
59.00000,26.96500,204.48700,13.75800,0.11400,244.68970,7.00000
62.00000,487.92800,217.73800,17.86200,0.11500,249.56000,7.00000
63.00000,357.40800,220.28600,19.13800,0.43200,248.12700,7.00000
65.00000,142.30100,234.12200,17.40500,0.12000,248.05350,7.00000
70.00000,96.85400,250.84900,17.10300,0.12100,249.65270,7.00000
83.00000,414.84700,301.31800,18.53800,0.18400,251.74740,7.00000
87.00000,214.85300,325.54300,16.01300,0.09000,252.17930,7.00000
89.00000,440.80700,331.45200,13.50800,0.09500,253.73850,7.00000
92.00000,194.47200,363.47200,14.93000,0.12100,252.32100,7.00000
113.00000,334.04600,437.31000,15.91600,0.10200,251.88300,7.00000
117.00000,323.00400,458.72800,17.48100,0.09800,248.57340,7.00000
47.00000,426.60100,162.57100,18.93800,0.35900,248.78140,8.00000
49.00000,370.51100,167.58400,16.88800,0.14100,250.58120,8.00000
121.00000,83.98700,475.50600,17.19800,0.19000,249.40000,8.00000
126.00000,424.21800,487.32600,17.86900,0.19500,254.96830,8.00000
71.00000,68.31000,253.34500,18.38600,0.20900,246.80190,9.00000
120.00000,212.78600,470.98100,19.44400,0.53500,252.56260,10.00000
103.00000,265.52600,400.47400,16.41400,0.07000,283.91710,12.00000
