7.00000,348.23200,19.99300,15.54900,0.11600,283.63380,4.00000
15.00000,315.58400,38.61400,17.46200,0.11600,282.95120,4.00000
16.00000,67.16600,45.68300,17.98500,0.20100,280.98580,4.00000
21.00000,68.41900,59.85000,17.80600,0.15400,282.48000,4.00000
25.00000,374.05100,74.45100,15.76900,0.10200,284.65750,4.00000
27.00000,267.93200,83.36900,15.33900,0.09400,286.13040,4.00000
30.00000,344.59100,91.19500,17.75200,0.16400,289.09650,4.00000
38.00000,322.75900,114.23900,16.20800,0.09300,288.86420,4.00000
42.00000,61.40500,124.39700,14.77500,0.11800,283.69940,4.00000
43.00000,250.50200,126.07100,17.62800,0.08400,286.46310,4.00000
48.00000,320.10900,140.35100,17.20300,0.13700,293.90690,4.00000
47.00000,153.00100,141.32400,17.61700,0.12300,285.41440,4.00000
50.00000,299.97100,148.03100,10.79000,0.10700,300.05390,4.00000
51.00000,32.22900,151.50500,15.50100,0.10700,283.27010,4.00000
52.00000,2.87100,154.38400,14.89900,0.11400,282.07320,4.00000
57.00000,367.69700,168.91700,16.82200,0.10300,291.98640,4.00000
62.00000,254.47900,190.37100,17.09100,0.10600,288.22580,4.00000
66.00000,353.66400,201.93900,16.44400,0.09500,290.82040,4.00000
68.00000,24.07600,206.03300,13.74500,0.11000,283.24600,4.00000
72.00000,46.87000,218.36800,17.08000,0.09200,283.96120,4.00000
76.00000,429.67300,225.30000,15.25100,0.08200,292.70970,4.00000
77.00000,179.07400,233.25000,17.76500,0.15300,286.66280,4.00000
80.00000,25.74100,239.30400,16.93500,0.12000,282.23510,4.00000
86.00000,314.02700,252.81400,17.78300,0.12600,288.80380,4.00000
87.00000,111.83600,260.03300,17.23700,0.09700,287.91370,4.00000
91.00000,246.35500,272.54900,17.45000,0.11400,290.58660,4.00000
103.00000,342.02900,322.81900,16.07700,0.07200,290.50420,4.00000
106.00000,305.10600,327.24700,16.16700,0.08300,292.64030,4.00000
113.00000,268.60900,362.58300,15.65800,0.08700,298.00540,4.00000
116.00000,70.25600,372.81100,18.00500,0.15900,286.23030,4.00000
119.00000,40.01000,379.68600,16.26700,0.07400,284.69020,4.00000
127.00000,187.18800,405.24000,17.30100,0.09100,291.51120,4.00000
131.00000,387.32500,407.56000,16.28800,0.08400,292.47010,4.00000
138.00000,356.84800,441.57800,16.30700,0.08500,294.12080,4.00000
142.00000,416.70500,468.82800,16.92800,0.09700,294.05090,4.00000
146.00000,84.61500,476.56200,15.67000,0.09500,291.71650,4.00000
147.00000,395.92300,476.76300,18.38900,0.22800,293.90420,4.00000
148.00000,72.02800,478.88100,15.10400,0.07800,290.47790,4.00000
150.00000,160.93200,494.11100,18.31400,0.21700,288.61510,4.00000
151.00000,285.01900,499.93200,17.44300,0.10400,290.99290,4.00000
152.00000,425.05800,503.03700,16.89600,0.09600,295.23380,4.00000
154.00000,47.55900,511.75300,16.84100,0.12000,286.59840,4.00000
2.00000,239.96900,3.51300,17.69500,0.17600,283.31560,5.00000
3.00000,63.10000,5.27900,14.80100,0.14800,282.95690,5.00000
5.00000,216.61400,13.77900,17.24400,0.14200,281.13520,5.00000
8.00000,464.46500,21.64500,17.47900,0.20300,285.74920,5.00000
9.00000,500.93000,27.51600,15.28300,0.12900,287.22860,5.00000
12.00000,103.78400,33.44400,18.16000,0.24500,283.54980,5.00000
13.00000,180.94000,35.80600,14.92600,0.11100,284.02110,5.00000
18.00000,458.03300,49.76900,15.83500,0.11600,286.12140,5.00000
19.00000,491.26000,50.37400,13.78100,0.13300,287.66940,5.00000
22.00000,13.10100,62.98700,14.04100,0.13200,281.01560,5.00000
23.00000,326.08600,68.75700,15.54400,0.10100,282.68330,5.00000
24.00000,120.85900,72.96800,18.27600,0.23500,286.13100,5.00000
29.00000,287.02100,90.86200,17.59200,0.15000,287.05670,5.00000
39.00000,140.03600,115.23500,16.42600,0.09200,283.56400,5.00000
41.00000,363.86600,121.84800,16.85000,0.09600,289.72930,5.00000
45.00000,219.32800,130.36800,17.60200,0.10300,287.88650,5.00000
53.00000,495.87900,154.31800,17.32700,0.11900,289.06920,5.00000
55.00000,229.73300,167.82400,17.23900,0.10400,293.82140,5.00000
59.00000,388.54200,170.88200,17.60400,0.10100,292.91680,5.00000
58.00000,29.87400,171.27300,16.51100,0.11800,283.73540,5.00000
61.00000,371.85500,172.03200,16.03700,0.09400,291.58580,5.00000
60.00000,175.86300,172.11700,16.99900,0.09700,287.37620,5.00000
63.00000,288.92300,194.29400,18.91100,0.36000,288.93960,5.00000
64.00000,141.78000,195.18100,17.98300,0.18900,286.68530,5.00000
65.00000,399.08900,196.21200,17.52500,0.12100,292.71390,5.00000
70.00000,52.93200,214.71400,17.04900,0.10300,284.32960,5.00000
75.00000,391.78200,222.17500,17.69500,0.12300,291.99660,5.00000
78.00000,139.85000,235.63800,17.53100,0.07900,286.41620,5.00000
79.00000,489.74600,237.79800,14.81600,0.09500,290.95800,5.00000
85.00000,93.90000,252.83300,17.25100,0.13800,285.05700,5.00000
89.00000,219.41900,260.15600,15.88900,0.08400,290.73020,5.00000
92.00000,252.83600,276.08600,16.55100,0.08900,290.63290,5.00000
93.00000,277.66400,280.56900,13.41100,0.08300,293.06340,5.00000
94.00000,172.69000,283.22200,16.92400,0.09000,289.60860,5.00000
98.00000,147.00400,301.24100,16.33300,0.06700,290.40120,5.00000
99.00000,292.62300,309.15200,14.68600,0.07800,292.68130,5.00000
100.00000,211.61400,310.03900,16.73300,0.09400,291.26480,5.00000
105.00000,211.98300,327.14300,16.08000,0.06400,291.68750,5.00000
107.00000,404.81600,328.57200,13.18200,0.08400,295.40400,5.00000
108.00000,437.94000,333.03200,13.56600,0.07800,294.43840,5.00000
115.00000,191.47700,365.08200,14.89000,0.08600,291.83690,5.00000
124.00000,281.94700,392.01900,17.23200,0.08400,305.87680,5.00000
125.00000,111.88000,400.97600,16.93600,0.09100,288.35720,5.00000
126.00000,270.69000,405.31000,9.82500,0.07300,351.64260,5.00000
133.00000,250.49800,429.84600,16.51500,0.09200,298.38010,5.00000
135.00000,396.34800,432.61200,17.38900,0.13100,294.04220,5.00000
137.00000,331.15800,438.88000,15.92400,0.08000,295.52520,5.00000
144.00000,450.03100,471.08600,13.96200,0.08700,293.59310,5.00000
149.00000,80.10100,481.21300,15.65200,0.08000,292.11700,5.00000
4.00000,409.19200,6.59200,18.03900,0.15600,283.36530,6.00000
33.00000,371.67500,95.00000,16.84800,0.11400,288.25130,6.00000
36.00000,77.01500,106.24800,16.90400,0.13100,283.04210,6.00000
40.00000,260.98700,115.77400,18.00700,0.15200,286.53500,6.00000
44.00000,279.90300,128.86100,16.35600,0.09100,288.98500,6.00000
54.00000,216.80000,163.64300,10.90100,0.10100,301.17200,6.00000
67.00000,56.09600,203.77700,17.08700,0.11000,283.45510,6.00000
69.00000,496.69400,212.88900,17.87000,0.19300,289.91740,6.00000
74.00000,484.54700,219.13300,18.36200,0.17700,290.33570,6.00000
82.00000,93.99700,246.77400,14.40400,0.08700,286.23470,6.00000
88.00000,127.06000,260.46200,13.04800,0.08400,292.12080,6.00000
90.00000,374.84600,266.60300,15.44200,0.07300,294.75990,6.00000
101.00000,157.40200,310.88300,16.84900,0.10900,290.62910,6.00000
112.00000,245.82900,359.61300,17.80800,0.17400,294.06110,6.00000
120.00000,403.89600,380.15000,17.96900,0.14300,291.65500,6.00000
123.00000,145.92000,390.74800,16.57300,0.07800,287.16250,6.00000
139.00000,342.91800,448.06700,18.92300,0.35000,295.06220,6.00000
141.00000,319.92900,460.17800,17.65700,0.12800,293.81300,6.00000
20.00000,179.80000,50.90000,17.65100,0.14200,286.13920,7.00000
84.00000,503.29600,251.65700,18.41600,0.23900,290.48700,7.00000
140.00000,299.83500,457.15000,19.11900,0.52500,292.01820,7.00000
11.00000,284.10600,31.70300,17.72400,0.15500,283.89840,8.00000
35.00000,147.67700,105.59400,19.16400,0.51800,286.24600,8.00000
83.00000,346.74500,249.74000,18.99500,0.46100,291.40370,8.00000
122.00000,288.66100,385.57300,19.13700,0.44600,301.80060,8.00000
136.00000,133.59800,437.59900,18.82300,0.31900,288.49120,8.00000
145.00000,80.94700,476.88000,17.60200,0.22700,291.79490,8.00000
34.00000,354.71700,101.09000,19.28000,0.53800,288.30070,9.00000
73.00000,282.66800,219.07800,19.31500,0.47100,287.98560,10.00000
