2.00000,62.65900,5.30300,14.72300,0.14200,276.51750,4.00000
10.00000,103.19000,33.17900,18.00700,0.14500,279.69740,4.00000
19.00000,490.75900,50.39700,13.71500,0.12200,284.79520,4.00000
20.00000,179.39500,51.06500,17.52900,0.16200,281.26290,4.00000
21.00000,67.52100,59.44400,17.84700,0.24900,277.25890,4.00000
22.00000,12.67700,62.97600,13.95900,0.13000,278.19390,4.00000
29.00000,343.91100,91.29700,17.75600,0.11700,282.57900,4.00000
32.00000,322.20400,114.24300,16.20600,0.07400,282.94060,4.00000
33.00000,139.58700,115.18400,16.38300,0.09800,279.13310,4.00000
36.00000,60.93900,124.44800,14.71200,0.08400,277.94060,4.00000
39.00000,219.06900,130.26500,17.60500,0.09000,283.03690,4.00000
44.00000,31.79900,151.57300,15.49500,0.09000,277.32980,4.00000
45.00000,2.37900,154.40000,14.82300,0.11400,278.61050,4.00000
49.00000,29.47100,171.30100,16.48200,0.09400,277.81840,4.00000
74.00000,313.31300,252.73800,17.91200,0.19900,286.15750,4.00000
76.00000,111.39300,260.14500,17.15200,0.10800,280.87510,4.00000
77.00000,126.63800,260.46600,13.02300,0.08000,285.96030,4.00000
81.00000,140.53500,271.23200,19.27900,0.54200,285.55020,4.00000
80.00000,246.00700,272.64000,17.52000,0.14500,286.49600,4.00000
108.00000,111.41700,401.23300,16.94100,0.10800,282.79460,4.00000
116.00000,131.18400,407.17300,18.88100,0.30000,281.39760,4.00000
123.00000,395.49500,432.97000,17.56800,0.12600,290.37460,4.00000
128.00000,319.72200,460.26700,17.54600,0.13400,288.48600,4.00000
133.00000,71.64800,478.90600,15.03500,0.08900,285.47530,4.00000
138.00000,67.36200,503.12000,18.93900,0.44500,285.26700,4.00000
1.00000,239.24800,4.07200,17.61000,0.12900,278.53600,5.00000
3.00000,408.05400,6.41900,17.73800,0.12800,280.17770,5.00000
4.00000,216.17100,13.75700,17.20900,0.11200,279.00870,5.00000
5.00000,347.77100,20.02800,15.50000,0.10900,280.92920,5.00000
6.00000,463.87600,21.75000,17.40500,0.14300,279.66110,5.00000
8.00000,500.39400,27.54500,15.22500,0.13700,281.98550,5.00000
9.00000,283.55200,31.83400,17.70400,0.16100,278.66090,5.00000
11.00000,180.48000,35.85200,14.88400,0.11100,280.57680,5.00000
17.00000,66.49300,45.71500,17.81400,0.15100,277.85210,5.00000
18.00000,457.55900,49.72800,15.75400,0.10900,279.71750,5.00000
23.00000,325.62700,68.78700,15.51400,0.09800,281.41490,5.00000
25.00000,373.57800,74.45800,15.71800,0.08400,282.26400,5.00000
27.00000,267.49300,83.37800,15.33100,0.09100,281.26840,5.00000
31.00000,76.55300,106.25400,16.75800,0.09000,277.67080,5.00000
34.00000,260.05800,115.87000,18.23700,0.24000,280.73770,5.00000
35.00000,363.30100,121.89700,16.76300,0.09100,286.74310,5.00000
40.00000,319.67000,140.53900,17.17000,0.10000,289.44950,5.00000
43.00000,299.51000,148.04700,10.72600,0.08900,297.13640,5.00000
46.00000,495.04500,154.55800,17.38800,0.09600,283.42360,5.00000
47.00000,216.32000,163.63200,10.89000,0.08300,296.79580,5.00000
50.00000,175.50900,172.08200,16.93700,0.10600,282.80410,5.00000
54.00000,395.46200,189.19400,16.95600,0.08700,287.84070,5.00000
53.00000,253.98600,190.16300,16.91100,0.09000,284.75080,5.00000
55.00000,141.54500,195.05600,17.98200,0.17600,282.41170,5.00000
56.00000,398.57700,196.55200,17.48100,0.09700,288.12220,5.00000
58.00000,23.62300,206.05000,13.69300,0.11000,277.70870,5.00000
61.00000,46.44900,218.48100,16.94400,0.06500,276.34180,5.00000
62.00000,391.24200,222.27000,17.69300,0.13200,285.83660,5.00000
64.00000,429.08600,225.26300,15.21400,0.05500,287.43310,5.00000
66.00000,139.19400,235.57700,17.66300,0.12400,283.46440,5.00000
69.00000,328.36900,239.20700,19.09000,0.47800,285.67310,5.00000
68.00000,25.31200,239.32000,16.85100,0.08100,276.98460,5.00000
71.00000,93.56600,246.79800,14.37500,0.09200,279.89840,5.00000
75.00000,218.97700,260.13700,15.83700,0.06300,284.88330,5.00000
78.00000,374.36600,266.62600,15.49400,0.06000,287.59510,5.00000
83.00000,277.14700,280.61500,13.35700,0.07000,289.88740,5.00000
84.00000,172.11800,283.25100,16.92400,0.09400,284.69570,5.00000
89.00000,146.53400,301.29600,16.27700,0.08500,285.46310,5.00000
92.00000,156.94800,310.92500,16.79000,0.08600,285.93780,5.00000
94.00000,211.51000,327.13700,16.03800,0.08200,287.28590,5.00000
96.00000,404.31200,328.64700,13.17700,0.07000,290.46300,5.00000
97.00000,268.05700,362.65800,15.65200,0.07500,293.76940,5.00000
101.00000,39.58500,379.63600,16.25700,0.07800,279.00350,5.00000
103.00000,403.36900,379.85300,17.85600,0.14700,286.94910,5.00000
105.00000,270.94000,390.40400,17.50600,0.12400,305.51430,5.00000
110.00000,186.81500,405.17800,17.39200,0.10200,286.46420,5.00000
129.00000,416.11800,468.89000,16.90600,0.08600,291.72050,5.00000
132.00000,84.37400,476.55500,15.74600,0.07200,284.88950,5.00000
134.00000,79.69600,481.19000,15.57400,0.07500,285.40500,5.00000
135.00000,420.74100,488.33600,17.75700,0.15400,289.87090,5.00000
136.00000,160.87000,494.01300,18.03200,0.14700,283.53220,5.00000
137.00000,284.41800,499.65300,17.56500,0.12600,287.63340,5.00000
140.00000,47.12100,511.29900,16.83600,0.08200,283.81340,5.00000
28.00000,286.09100,91.06200,17.70900,0.10900,280.31330,6.00000
30.00000,371.28600,94.93500,16.72500,0.09400,283.59990,6.00000
38.00000,279.47000,128.91900,16.29200,0.09800,282.51760,6.00000
41.00000,152.53600,141.55700,17.54700,0.07000,278.56450,6.00000
51.00000,371.40800,171.98000,16.03400,0.07500,287.12080,6.00000
57.00000,353.26400,201.95100,16.51200,0.08200,285.80900,6.00000
60.00000,52.57000,214.85000,17.00100,0.11900,278.28980,6.00000
67.00000,489.15400,237.86300,14.80100,0.07700,284.88790,6.00000
73.00000,93.34200,252.76700,17.13000,0.12500,282.05520,6.00000
79.00000,368.25000,268.01600,15.53400,0.07200,286.50740,6.00000
82.00000,252.34300,276.05800,16.49500,0.07600,286.39880,6.00000
85.00000,389.38700,288.55100,18.73700,0.31800,284.97850,6.00000
90.00000,292.05400,309.20100,14.65500,0.06900,287.67200,6.00000
91.00000,211.16200,310.21100,16.78600,0.07000,285.59640,6.00000
95.00000,304.59200,327.30200,16.13700,0.08100,287.62340,6.00000
99.00000,190.94100,365.18700,14.87500,0.07000,286.79610,6.00000
100.00000,69.96400,372.72500,17.74000,0.12100,280.26000,6.00000
122.00000,249.92000,429.91900,16.45600,0.07900,291.34090,6.00000
124.00000,234.29400,433.91500,17.53800,0.10000,289.16360,6.00000
125.00000,356.31900,441.62800,16.34800,0.08900,290.50740,6.00000
130.00000,449.60600,471.22800,13.95700,0.08000,291.44030,6.00000
139.00000,424.59700,503.22400,16.87100,0.08300,290.65360,6.00000
37.00000,250.27100,125.89000,17.72300,0.16900,283.19930,7.00000
93.00000,341.60900,322.86900,16.10000,0.08700,288.20190,7.00000
115.00000,386.84500,407.50500,16.38800,0.08500,291.24320,7.00000
126.00000,297.28000,451.41400,18.23500,0.18600,289.68820,7.00000
104.00000,145.60000,390.67100,16.63500,0.08400,283.69630,8.00000
131.00000,80.32000,476.90000,17.52600,0.15600,285.71890,8.00000
111.00000,270.04200,405.23200,10.13700,0.11900,337.07270,9.00000
112.00000,271.31700,405.98100,11.12300,0.29300,336.85660,9.00000
109.00000,262.33200,402.36700,16.30700,0.05600,318.71520,11.00000
117.00000,82.86700,416.94300,19.30400,0.47900,282.44850,14.00000
120.00000,270.84800,420.21700,17.38200,0.11300,301.11540,14.00000
119.00000,467.37600,421.02200,18.02200,0.38700,288.16030,14.00000
