16.00000,19.01700,62.84800,14.02400,0.12700,218.08560,4.00000
123.00000,252.71600,503.61300,18.71200,0.26300,220.92840,4.00000
5.00000,4.96700,21.01500,17.25900,0.13300,216.50150,5.00000
22.00000,350.47000,90.95900,17.93100,0.14600,216.71690,5.00000
28.00000,146.00100,115.11800,16.56200,0.09300,216.68950,5.00000
35.00000,325.88500,140.37300,17.20500,0.13300,221.70380,5.00000
36.00000,158.63700,141.19800,17.57500,0.09600,216.28710,5.00000
38.00000,38.08400,151.39600,15.53700,0.10600,216.22840,5.00000
47.00000,401.84100,189.14600,16.96800,0.08000,215.53140,5.00000
48.00000,260.33600,190.08700,17.04700,0.13700,219.03130,5.00000
49.00000,147.80700,195.08500,18.07900,0.14700,217.60000,5.00000
54.00000,58.89600,214.60300,17.05600,0.11500,216.24870,5.00000
65.00000,509.54200,251.23700,18.03400,0.15800,216.62590,5.00000
76.00000,152.84900,301.17200,16.33600,0.09600,218.39570,5.00000
97.00000,117.68900,400.88200,16.94700,0.07400,217.48480,5.00000
104.00000,240.54100,433.36000,17.59200,0.15000,221.88940,5.00000
109.00000,303.33700,450.85300,18.10800,0.17900,219.31480,5.00000
119.00000,427.42800,488.22000,17.87500,0.16100,222.21940,5.00000
6.00000,470.30600,21.67700,17.59500,0.16300,220.37310,6.00000
9.00000,109.63000,33.00000,17.86300,0.18300,216.24550,6.00000
10.00000,186.87200,35.71800,14.93200,0.10900,219.37690,6.00000
12.00000,463.90100,49.62500,15.80700,0.11200,219.10390,6.00000
13.00000,497.16800,50.33500,13.78500,0.11800,220.97460,6.00000
14.00000,185.52900,51.12500,17.66100,0.13400,219.32040,6.00000
17.00000,332.00500,68.55400,15.55500,0.09300,217.05860,6.00000
19.00000,379.87400,74.38200,15.79300,0.08500,219.37630,6.00000
23.00000,377.36600,94.85200,16.82900,0.11900,219.66580,6.00000
25.00000,82.85200,106.26300,16.84300,0.10500,216.65810,6.00000
27.00000,328.49200,114.14900,16.24200,0.10600,217.37580,6.00000
30.00000,369.65500,121.66100,16.86300,0.11900,217.69340,6.00000
31.00000,67.29900,124.37000,14.78600,0.11100,215.69180,6.00000
32.00000,256.56100,125.66300,17.78800,0.13200,219.48740,6.00000
33.00000,285.84500,128.69000,16.35000,0.10300,218.27000,6.00000
37.00000,305.86100,147.88400,10.81500,0.09200,230.99620,6.00000
43.00000,394.49000,170.67900,17.72000,0.12200,216.26400,6.00000
44.00000,35.72500,171.23400,16.48300,0.09700,216.76190,6.00000
46.00000,377.67900,171.87400,16.13800,0.09800,217.77590,6.00000
45.00000,181.88700,171.91000,17.04200,0.09900,217.48780,6.00000
51.00000,62.12500,203.49700,17.12500,0.10700,214.84400,6.00000
52.00000,29.96700,205.87800,13.79600,0.10000,216.90020,6.00000
55.00000,52.74200,218.18800,17.00100,0.09800,216.25350,6.00000
56.00000,490.67500,218.50700,18.06600,0.15300,218.07690,6.00000
57.00000,435.49500,225.30800,15.35000,0.11800,218.56670,6.00000
59.00000,185.09300,233.42800,17.80800,0.13300,217.62380,6.00000
61.00000,495.54700,237.58000,14.91300,0.11200,217.06860,6.00000
62.00000,31.46700,239.35000,16.88700,0.11600,215.50460,6.00000
64.00000,453.67700,246.56100,18.02700,0.17300,218.37300,6.00000
66.00000,319.49900,252.28800,17.89700,0.12400,217.03410,6.00000
67.00000,117.62600,260.15700,17.38000,0.10000,218.25790,6.00000
69.00000,132.96100,260.32800,13.08800,0.08700,221.25470,6.00000
70.00000,380.67600,266.37100,15.54300,0.09600,216.62110,6.00000
74.00000,283.53700,280.33900,13.17300,0.10300,220.18300,6.00000
85.00000,410.67000,328.32700,13.27200,0.10500,219.60080,6.00000
87.00000,443.83000,332.82600,13.69300,0.09300,220.39340,6.00000
89.00000,274.50300,362.33100,15.67100,0.11300,222.01100,6.00000
90.00000,197.30800,364.93100,15.06400,0.10000,217.05020,6.00000
92.00000,76.46700,372.34700,18.27400,0.22400,216.86860,6.00000
95.00000,287.79300,391.57000,17.39400,0.09300,235.94270,6.00000
96.00000,7.01900,394.40700,13.90800,0.10000,216.83200,6.00000
100.00000,193.18200,405.08500,17.45400,0.11200,218.75590,6.00000
103.00000,256.42000,429.46100,16.56800,0.09900,222.91280,6.00000
111.00000,325.97500,459.89900,17.72400,0.13400,219.43870,6.00000
114.00000,455.95000,470.83400,14.07300,0.09500,220.73900,6.00000
116.00000,90.63100,476.36000,15.78100,0.09600,220.32960,6.00000
118.00000,86.04100,481.07800,15.71500,0.09100,219.25480,6.00000
117.00000,77.99000,478.55000,15.13000,0.08900,217.38530,6.00000
1.00000,68.98600,5.29400,14.82100,0.13800,217.97900,7.00000
3.00000,222.63900,13.59000,17.13300,0.11200,218.85180,7.00000
4.00000,354.17900,19.95200,15.66300,0.12900,217.80120,7.00000
7.00000,506.83100,27.46400,15.21600,0.10600,217.86380,7.00000
8.00000,290.13900,31.43000,17.83300,0.13800,218.21350,7.00000
11.00000,73.02500,45.83900,18.17200,0.18700,216.87840,7.00000
18.00000,178.63900,70.68600,18.61600,0.30700,218.21370,7.00000
20.00000,273.79400,83.31800,15.38300,0.08900,214.35330,7.00000
21.00000,292.79900,90.68900,17.69900,0.09800,217.95360,7.00000
24.00000,383.43000,98.72100,17.92700,0.14600,219.55630,7.00000
39.00000,8.71800,154.36000,14.88900,0.10300,216.63130,7.00000
40.00000,501.57000,154.39600,17.24500,0.08000,217.99240,7.00000
41.00000,222.72400,163.44300,10.91300,0.10200,230.54370,7.00000
60.00000,145.54700,235.52900,17.52900,0.13600,216.38570,7.00000
68.00000,225.43600,259.96600,16.06200,0.10500,218.06160,7.00000
71.00000,252.23500,272.35000,17.59000,0.13600,218.07140,7.00000
73.00000,258.79100,275.95200,16.64100,0.10000,218.08520,7.00000
75.00000,178.49300,283.03500,17.20700,0.09300,216.70970,7.00000
77.00000,298.48400,309.04000,14.82400,0.09900,218.54060,7.00000
79.00000,163.31000,310.49100,16.96400,0.12100,218.26840,7.00000
88.00000,355.00100,361.96400,18.73300,0.28900,218.82860,7.00000
91.00000,115.24200,371.29900,18.19400,0.20600,215.63560,7.00000
93.00000,45.91400,379.42300,16.29300,0.08900,216.86940,7.00000
98.00000,268.30200,402.45800,16.40800,0.09800,246.00340,7.00000
101.00000,393.24700,407.40600,16.43800,0.09300,217.32100,7.00000
110.00000,5.25400,455.65000,17.11100,0.11800,217.24950,7.00000
112.00000,422.47800,468.41700,17.12300,0.12300,220.09350,7.00000
121.00000,290.92800,499.34100,17.47600,0.14700,219.80730,7.00000
122.00000,430.92700,502.84300,17.00300,0.11800,222.37590,7.00000
124.00000,53.58500,511.42700,16.88900,0.12800,218.50960,7.00000
15.00000,74.27300,59.71200,17.99400,0.18300,216.01330,8.00000
34.00000,225.45200,130.09400,17.62900,0.14000,219.14260,8.00000
42.00000,235.58500,167.61100,17.16400,0.10300,222.84920,8.00000
50.00000,405.19800,196.35500,17.50400,0.10000,216.46610,8.00000
63.00000,99.89500,246.50300,14.40500,0.09200,217.75420,8.00000
78.00000,217.46700,310.00700,16.94300,0.12600,218.13140,8.00000
83.00000,217.81700,327.04000,16.19100,0.08800,218.30620,8.00000
84.00000,310.99200,327.08100,16.24800,0.09300,216.86810,8.00000
94.00000,151.77000,390.47900,16.67000,0.09900,218.53490,8.00000
105.00000,401.99100,432.43700,17.31300,0.11300,216.25600,8.00000
107.00000,337.03600,438.47300,16.07400,0.08400,218.31710,8.00000
108.00000,362.62500,441.31700,16.43500,0.08500,218.82320,8.00000
2.00000,245.72900,3.61300,17.66200,0.11100,216.20230,9.00000
99.00000,276.39100,404.48900,10.26400,0.17400,272.83510,9.00000
115.00000,86.76900,476.85800,17.39200,0.16500,219.58560,9.00000
80.00000,345.57300,319.48500,17.91500,0.19800,215.86340,11.00000
82.00000,347.92400,322.47000,16.22800,0.09600,215.10250,20.00000
102.00000,277.58100,405.92200,11.22000,0.16000,272.75370,23.00000
