23.00000,128.65400,67.51900,18.35300,0.22500,333.72710,4.00000
86.00000,54.34200,212.63100,17.49900,0.15000,344.94620,4.00000
107.00000,321.53700,247.21100,18.20900,0.22300,334.26460,4.00000
2.00000,224.37300,8.29800,17.34900,0.12500,330.47910,5.00000
4.00000,6.64800,15.54000,17.44100,0.11600,337.36490,5.00000
9.00000,387.86700,26.44600,19.01000,0.46800,332.86150,5.00000
25.00000,201.03200,71.48300,18.92800,0.43900,331.38460,5.00000
31.00000,294.65600,84.62300,17.79800,0.16600,333.05070,5.00000
38.00000,330.39900,108.80000,16.50500,0.11300,334.11900,5.00000
39.00000,147.96900,109.70000,16.79600,0.12200,331.02340,5.00000
56.00000,503.23500,148.92300,17.56400,0.16500,330.48830,5.00000
62.00000,396.21600,165.06400,17.68200,0.15900,332.84670,5.00000
74.00000,262.23600,184.52800,17.34700,0.10800,334.42410,5.00000
116.00000,382.60100,260.69300,15.85100,0.09000,332.79850,5.00000
122.00000,260.57900,270.05500,16.99900,0.12800,334.09740,5.00000
131.00000,154.68700,295.52400,16.68800,0.09100,334.09880,5.00000
134.00000,219.23600,304.21600,17.06500,0.13300,334.35700,5.00000
135.00000,165.16300,305.02600,17.10700,0.11000,332.42700,5.00000
153.00000,116.78300,366.11600,18.43100,0.21100,349.94640,5.00000
159.00000,118.86600,387.46200,18.56100,0.24500,349.98140,5.00000
161.00000,35.24300,389.62100,18.83600,0.35400,360.66500,5.00000
168.00000,263.44400,398.77300,17.84000,0.15600,355.51420,5.00000
183.00000,364.47400,435.74200,16.69800,0.09000,335.57350,5.00000
190.00000,7.17100,450.10600,17.09900,0.13900,370.39620,5.00000
215.00000,135.20500,507.35500,18.26500,0.25100,361.02770,5.00000
216.00000,4.99900,508.22700,16.92700,0.11200,374.28250,5.00000
11.00000,322.91500,33.27600,17.67800,0.11600,332.16030,6.00000
18.00000,187.67900,45.83000,17.80000,0.13600,330.52200,6.00000
19.00000,20.92800,57.48900,14.21900,0.11600,340.04020,6.00000
24.00000,381.81400,68.83100,16.04600,0.08400,333.30380,6.00000
28.00000,275.70600,77.80500,15.64000,0.08200,332.60140,6.00000
30.00000,23.33700,81.32700,18.55200,0.26800,338.41800,6.00000
36.00000,84.87800,100.55800,17.01900,0.11900,334.31210,6.00000
40.00000,268.02800,110.79800,18.61700,0.38100,332.03660,6.00000
47.00000,227.54100,124.57700,18.00300,0.20700,333.30630,6.00000
48.00000,327.89300,135.00200,17.39400,0.10100,337.11790,6.00000
49.00000,160.71000,135.68500,17.76700,0.16800,329.91560,6.00000
55.00000,10.58900,148.85400,15.13900,0.09500,344.18330,6.00000
59.00000,224.54300,157.87800,11.21600,0.09100,347.24880,6.00000
60.00000,237.51700,162.07100,17.48900,0.15200,339.58980,6.00000
63.00000,37.67600,165.60900,16.71300,0.09700,341.33440,6.00000
64.00000,183.64900,166.34100,17.20900,0.09600,334.15330,6.00000
68.00000,249.24200,173.96200,19.21500,0.51800,334.77520,6.00000
73.00000,403.78700,183.43300,17.34600,0.12000,332.72940,6.00000
76.00000,407.04800,190.61600,17.60800,0.14200,334.41240,6.00000
78.00000,361.44000,196.08600,16.82100,0.10600,333.90540,6.00000
77.00000,205.39500,196.41400,19.27400,0.52100,333.04150,6.00000
90.00000,399.44900,216.17300,17.93200,0.20900,331.52720,6.00000
91.00000,437.35100,219.62000,15.64500,0.09800,332.29850,6.00000
108.00000,72.83600,249.04400,18.21500,0.18500,342.32920,6.00000
113.00000,227.17200,254.28900,16.25100,0.10700,331.19430,6.00000
112.00000,134.83000,254.59200,13.36100,0.09200,334.76950,6.00000
114.00000,42.83500,254.94800,19.42300,0.54300,347.05690,6.00000
121.00000,253.87100,266.73700,17.78600,0.15900,334.59850,6.00000
132.00000,406.14300,295.41000,18.93800,0.36500,333.29550,6.00000
133.00000,300.27300,303.25400,15.02000,0.09800,332.69510,6.00000
139.00000,219.56900,321.26700,16.37700,0.08200,333.33930,6.00000
154.00000,47.70900,373.79400,16.58400,0.09500,357.12380,6.00000
160.00000,8.88200,388.82900,14.21400,0.09500,367.54170,6.00000
170.00000,194.82700,399.45100,17.75300,0.21800,345.11780,6.00000
172.00000,394.94800,401.49700,16.70200,0.09800,332.16970,6.00000
179.00000,242.46400,427.58800,18.07700,0.20200,345.70750,6.00000
188.00000,216.83000,442.92100,19.18400,0.45200,343.51790,6.00000
207.00000,376.29900,483.30700,18.93400,0.33200,339.15910,6.00000
6.00000,508.68800,22.02900,15.48300,0.11100,336.53550,7.00000
8.00000,291.44800,25.93400,18.19400,0.23600,334.08510,7.00000
10.00000,188.76200,30.25900,15.16900,0.10100,331.55610,7.00000
16.00000,465.80000,44.14400,16.10500,0.11000,336.96320,7.00000
17.00000,499.03700,45.02600,14.13800,0.10100,337.28020,7.00000
21.00000,333.86700,63.06600,15.91200,0.10700,335.69000,7.00000
41.00000,371.85000,116.06800,17.20000,0.10900,332.46460,7.00000
43.00000,258.23800,120.27300,17.88800,0.13600,331.18530,7.00000
46.00000,287.75900,123.27900,16.59200,0.08200,336.21860,7.00000
53.00000,307.74100,142.35400,11.03700,0.08800,345.29360,7.00000
80.00000,31.85300,200.34000,13.97700,0.09700,346.53250,7.00000
95.00000,186.32000,228.97900,18.27200,0.19700,331.10620,7.00000
97.00000,147.37500,230.11100,17.82100,0.15700,331.74110,7.00000
99.00000,497.44900,231.98500,15.17300,0.09700,333.52430,7.00000
100.00000,33.48200,233.58600,17.17700,0.10300,347.25670,7.00000
101.00000,143.73900,235.51400,19.32500,0.48100,334.13390,7.00000
103.00000,101.76400,240.96300,14.69600,0.08900,340.19070,7.00000
104.00000,454.89000,241.37300,18.10100,0.18000,332.20380,7.00000
111.00000,119.47000,254.42300,17.62900,0.12800,336.51760,7.00000
118.00000,376.44700,262.01100,15.91800,0.11600,332.40850,7.00000
127.00000,180.42000,277.41600,17.37000,0.12200,329.50780,7.00000
140.00000,312.70700,321.23500,16.46100,0.10100,332.98010,7.00000
141.00000,412.52000,322.74500,13.56400,0.08500,333.67900,7.00000
158.00000,153.75400,384.94400,16.90400,0.09500,347.01210,7.00000
165.00000,119.56600,395.38000,17.24200,0.09900,352.32410,7.00000
193.00000,327.84000,454.15400,17.84500,0.17800,337.78370,7.00000
199.00000,457.82100,465.23600,14.26500,0.09200,333.80550,7.00000
202.00000,92.43100,470.63100,16.12900,0.11100,368.23810,7.00000
204.00000,79.78400,473.13000,15.38900,0.09900,370.97790,7.00000
211.00000,432.75300,497.31900,17.21800,0.11200,336.57990,7.00000
213.00000,55.30200,505.81300,17.09400,0.10300,372.17850,7.00000
3.00000,356.05900,14.46000,15.80000,0.10500,332.04760,8.00000
32.00000,379.46000,89.41400,17.29800,0.13700,332.65610,8.00000
42.00000,69.15700,118.89200,15.17100,0.10500,339.15040,8.00000
54.00000,39.97400,145.90300,15.96700,0.11700,341.53770,8.00000
61.00000,375.53400,163.36800,17.31000,0.11500,333.37350,8.00000
75.00000,223.37800,188.40700,18.82800,0.44700,334.85490,8.00000
79.00000,63.95200,198.16300,17.66800,0.13800,341.25520,8.00000
98.00000,466.29500,232.32300,19.13900,0.46700,333.86360,8.00000
124.00000,285.40200,274.65300,13.88600,0.09500,330.50870,8.00000
138.00000,349.65200,317.08200,16.38000,0.09000,333.45580,8.00000
142.00000,445.71000,327.11700,13.97100,0.09800,331.81990,8.00000
150.00000,276.39300,356.76100,16.00200,0.09900,338.82340,8.00000
198.00000,424.25800,463.02300,17.32600,0.12700,333.49160,8.00000
205.00000,87.92900,475.24800,15.86500,0.09900,369.65750,8.00000
66.00000,379.61500,166.19400,16.36200,0.10300,334.30010,9.00000
151.00000,199.14100,359.31200,15.32300,0.10300,337.56630,9.00000
167.00000,270.46100,396.27100,16.43500,0.09300,365.53640,9.00000
174.00000,270.89800,406.11800,16.78800,0.12300,353.58010,9.00000
177.00000,258.14400,423.82400,17.08700,0.13500,348.40260,9.00000
181.00000,338.85100,432.99000,16.28200,0.11400,337.40000,10.00000
87.00000,60.77900,209.03400,17.51000,0.13800,344.02130,11.00000
94.00000,52.30900,228.96100,19.02200,0.39500,344.87500,11.00000
175.00000,267.15300,409.78800,17.68500,0.14000,350.12710,11.00000
169.00000,278.57100,399.45200,9.96200,0.06300,391.11980,12.00000
171.00000,287.23600,399.26200,16.57900,0.07200,358.46980,14.00000
173.00000,278.08000,402.68400,12.33600,0.27700,390.30770,28.00000
