15.00000,77.33500,57.72200,17.96800,0.16200,231.46710,4.00000
21.00000,295.82800,88.95500,17.61600,0.12000,231.44900,4.00000
53.00000,61.98800,213.02600,17.32700,0.10800,236.50870,4.00000
66.00000,255.64200,270.84600,17.61600,0.10500,233.59410,4.00000
74.00000,166.60300,309.04200,17.01400,0.09100,235.17290,4.00000
7.00000,473.55400,19.99900,17.69500,0.15200,232.65700,5.00000
8.00000,510.09400,25.87900,15.42700,0.11600,233.26570,5.00000
9.00000,293.32500,30.14000,18.03700,0.14700,232.41000,5.00000
13.00000,188.77200,49.89000,17.87900,0.12000,234.05930,5.00000
23.00000,380.70800,93.46900,16.84400,0.09200,231.73390,5.00000
35.00000,161.91900,139.41400,17.78800,0.13500,232.08230,5.00000
38.00000,41.47700,149.77000,15.64100,0.09200,236.56780,5.00000
40.00000,505.04800,152.58100,17.40600,0.14800,231.92990,5.00000
41.00000,226.03500,161.84300,11.01800,0.08400,247.39720,5.00000
42.00000,238.97300,165.95700,17.33700,0.11400,239.09160,5.00000
47.00000,405.20800,187.52500,17.12300,0.08900,232.99940,5.00000
50.00000,362.84900,200.26200,16.56600,0.07400,232.58270,5.00000
57.00000,149.04200,233.55800,17.59000,0.12600,232.27900,5.00000
58.00000,498.82800,236.11300,14.92200,0.08500,232.50670,5.00000
68.00000,261.95100,274.21200,16.61300,0.06600,234.45720,5.00000
70.00000,181.96400,281.40300,17.17100,0.09500,234.39360,5.00000
75.00000,351.24300,321.10700,16.19300,0.06700,233.79250,5.00000
78.00000,413.96100,326.84500,13.32200,0.06600,235.71240,5.00000
80.00000,277.76300,360.85500,15.82200,0.06800,237.91710,5.00000
85.00000,291.22100,390.28300,17.23400,0.09800,247.83600,5.00000
90.00000,279.88300,403.90700,9.78200,0.06000,294.43580,5.00000
93.00000,405.45800,431.27700,17.51800,0.10100,233.58360,5.00000
94.00000,244.05700,431.87200,17.95300,0.15200,237.76320,5.00000
96.00000,366.03700,439.85000,16.55400,0.06600,234.36020,5.00000
100.00000,425.85100,467.11800,16.94900,0.07500,235.03960,5.00000
103.00000,81.28000,477.21400,15.15300,0.07000,242.33760,5.00000
107.00000,294.52900,497.60500,17.74500,0.16400,235.40650,5.00000
1.00000,249.20100,0.70800,17.54500,0.25800,234.01230,6.00000
2.00000,72.36700,3.74700,14.85500,0.12100,236.61220,6.00000
6.00000,8.41400,19.42800,17.38600,0.14700,233.71540,6.00000
11.00000,324.61900,36.98600,17.61200,0.13700,232.52300,6.00000
17.00000,335.28800,67.08400,15.66800,0.09300,233.23310,6.00000
22.00000,353.67400,89.40100,17.93600,0.14200,230.71330,6.00000
24.00000,386.92800,97.55100,17.82000,0.12800,231.85680,6.00000
27.00000,86.31300,104.61800,17.02600,0.10600,234.76320,6.00000
28.00000,331.76300,112.57100,16.35200,0.08900,231.04360,6.00000
29.00000,149.20300,113.61800,16.58100,0.08300,233.77520,6.00000
30.00000,373.02800,120.10300,16.94600,0.09500,231.75080,6.00000
31.00000,70.67100,122.71200,14.87100,0.09700,236.22710,6.00000
32.00000,259.92700,124.18300,17.67700,0.15300,233.66570,6.00000
34.00000,329.38200,138.57900,17.26600,0.13700,238.19640,6.00000
44.00000,39.02500,169.62900,16.62900,0.09600,237.03930,6.00000
46.00000,381.07100,170.35100,16.17100,0.06900,232.41280,6.00000
48.00000,263.61200,188.65400,17.17000,0.09300,232.38160,6.00000
49.00000,408.42600,195.08600,17.69700,0.10500,231.09890,6.00000
51.00000,65.54000,202.18200,17.08800,0.10100,235.44070,6.00000
54.00000,56.07600,216.72000,17.24400,0.11500,236.57580,6.00000
59.00000,34.90300,237.64900,16.86100,0.09400,237.44120,6.00000
63.00000,136.31300,258.70300,13.20100,0.06900,236.60890,6.00000
62.00000,120.93200,258.78300,17.38300,0.11600,235.23320,6.00000
65.00000,383.83600,264.84100,15.60700,0.07100,233.35550,6.00000
69.00000,286.82300,278.85200,13.39300,0.06600,236.88640,6.00000
71.00000,156.11000,299.57300,16.53500,0.08500,235.06760,6.00000
72.00000,301.76100,307.40000,14.79500,0.06900,234.76310,6.00000
79.00000,447.03200,331.33900,13.67700,0.05900,234.83430,6.00000
83.00000,49.20500,378.07800,16.42900,0.08300,238.91160,6.00000
84.00000,155.12700,388.96900,16.77000,0.07300,236.49580,6.00000
86.00000,10.40200,392.85300,13.99800,0.08900,241.02740,6.00000
87.00000,120.95900,399.37000,17.07800,0.07800,237.43440,6.00000
91.00000,396.53900,405.75000,16.62600,0.10200,233.92460,6.00000
95.00000,340.31200,437.19500,16.01300,0.07000,235.20210,6.00000
97.00000,8.63800,454.36200,17.06800,0.11300,239.53390,6.00000
101.00000,459.19200,469.37500,14.07800,0.05900,236.69290,6.00000
102.00000,93.86100,474.87100,15.92500,0.06800,244.89160,6.00000
104.00000,89.35700,479.42000,15.70800,0.06800,245.60570,6.00000
106.00000,430.42100,486.83500,17.99700,0.14100,235.05610,6.00000
3.00000,417.83000,4.86400,18.14300,0.19800,232.68440,7.00000
4.00000,225.75700,12.00700,17.11000,0.09400,232.39690,7.00000
5.00000,357.41000,18.37200,15.66000,0.10200,232.65050,7.00000
10.00000,190.17100,34.16500,15.01400,0.10600,233.04550,7.00000
12.00000,467.22100,48.05300,15.92000,0.09200,233.46310,7.00000
14.00000,500.45300,48.77300,13.82800,0.10100,234.77710,7.00000
16.00000,22.37500,61.36400,14.05400,0.12000,235.81590,7.00000
18.00000,383.25400,72.73700,15.91000,0.08500,232.40290,7.00000
20.00000,277.11900,81.72500,15.50500,0.08000,232.76890,7.00000
26.00000,197.94600,101.91300,18.65900,0.27100,232.56380,7.00000
33.00000,289.11000,127.25900,16.38600,0.06100,234.98470,7.00000
36.00000,309.13500,146.38700,10.82600,0.07300,246.18930,7.00000
39.00000,12.06800,152.71000,14.98300,0.08700,235.75220,7.00000
45.00000,185.09800,170.50000,17.09500,0.08400,236.12840,7.00000
52.00000,33.29600,204.37100,13.81800,0.08700,238.40620,7.00000
55.00000,401.15800,219.76800,17.92500,0.15400,232.48630,7.00000
56.00000,438.78300,223.64400,15.39100,0.07000,230.34450,7.00000
60.00000,103.22700,245.06200,14.52700,0.07700,234.42110,7.00000
64.00000,228.68300,258.38900,16.04400,0.06700,232.13670,7.00000
73.00000,220.90500,308.20900,16.83000,0.09100,232.58050,7.00000
76.00000,221.09200,325.42000,16.19700,0.06400,233.82650,7.00000
77.00000,314.17200,325.50500,16.31700,0.07700,235.33910,7.00000
81.00000,200.62500,363.35200,15.03300,0.07100,236.02410,7.00000
88.00000,196.38300,403.38500,17.56100,0.11700,233.55890,7.00000
92.00000,259.63600,428.12000,16.59800,0.06200,241.10100,7.00000
99.00000,329.27200,458.35900,17.55400,0.08400,233.14200,7.00000
108.00000,434.19700,501.24200,17.13800,0.09800,233.23000,7.00000
109.00000,56.84000,509.52600,17.05200,0.09900,246.57500,7.00000
43.00000,376.67800,167.45100,17.05300,0.08700,232.38080,8.00000
61.00000,103.15500,250.85400,17.25500,0.09100,232.86690,8.00000
98.00000,389.14000,457.91200,19.26500,0.47800,232.73250,8.00000
