3.00000,226.08900,11.64500,17.25600,0.10300,230.28560,4.00000
16.00000,77.79500,57.43000,17.80600,0.15700,230.45890,4.00000
24.00000,86.50300,104.14700,16.92400,0.10100,231.89510,4.00000
52.00000,62.41400,212.69300,17.17300,0.13100,234.38050,4.00000
54.00000,401.11000,219.92000,17.70900,0.15400,230.44110,4.00000
75.00000,351.55700,320.67700,16.10900,0.05100,232.81610,4.00000
98.00000,384.79300,458.47900,19.15100,0.49100,232.42650,4.00000
2.00000,418.22300,3.90100,17.98000,0.21100,228.40300,5.00000
8.00000,293.58500,29.43200,17.73500,0.13600,231.64900,5.00000
9.00000,113.20800,30.86500,18.37300,0.26100,232.97340,5.00000
10.00000,190.41900,33.75400,14.96300,0.09700,231.16570,5.00000
13.00000,467.55600,47.68900,15.81100,0.09900,229.50720,5.00000
15.00000,189.17500,49.40800,17.46600,0.09600,230.68060,5.00000
21.00000,277.48100,81.32000,15.42100,0.07300,231.70240,5.00000
22.00000,296.03400,88.82200,17.69300,0.09400,230.47910,5.00000
27.00000,270.28200,113.85300,17.97500,0.12200,229.52200,5.00000
28.00000,373.37500,119.75100,16.89300,0.07000,229.27220,5.00000
30.00000,289.49100,126.78300,16.39400,0.09400,233.50590,5.00000
34.00000,309.46300,145.99200,10.75900,0.06300,246.22720,5.00000
36.00000,41.78500,149.41400,15.54100,0.09300,234.02910,5.00000
38.00000,505.09500,152.29400,17.33400,0.09900,230.03370,5.00000
37.00000,12.32400,152.31900,14.92900,0.10300,235.24400,5.00000
42.00000,398.33800,168.45700,17.88100,0.15500,230.67730,5.00000
43.00000,39.31500,169.35100,16.48900,0.10700,232.74300,5.00000
45.00000,185.33700,169.98100,16.98600,0.08900,232.29770,5.00000
47.00000,405.40700,187.22800,17.20800,0.10600,230.69800,5.00000
55.00000,439.10100,223.28700,15.34600,0.05800,230.60230,5.00000
62.00000,228.91900,258.02500,15.99300,0.06000,232.55870,5.00000
65.00000,378.24100,265.83100,15.63600,0.05300,231.69060,5.00000
67.00000,262.16800,273.98800,16.61800,0.06000,232.22460,5.00000
68.00000,287.16100,278.44800,13.31400,0.05900,233.99710,5.00000
77.00000,314.59300,325.14400,16.18700,0.05500,231.79100,5.00000
78.00000,414.29200,326.44000,13.25600,0.05400,233.48740,5.00000
80.00000,278.15100,360.39400,15.72900,0.07000,236.12750,5.00000
85.00000,291.38100,389.69300,17.20800,0.08500,245.33360,5.00000
86.00000,10.68300,392.45300,13.90800,0.08300,240.63940,5.00000
87.00000,121.25100,398.97600,17.09100,0.07400,234.13610,5.00000
88.00000,196.72200,402.95500,17.33500,0.10000,231.78310,5.00000
91.00000,396.80400,405.41700,16.48000,0.06500,232.17250,5.00000
93.00000,260.00600,427.73600,16.62400,0.06800,239.76120,5.00000
95.00000,340.73800,436.76600,16.02700,0.06400,232.98340,5.00000
97.00000,9.03300,454.00600,16.95900,0.08300,237.09360,5.00000
99.00000,426.06600,466.65800,17.10800,0.07100,233.12300,5.00000
104.00000,89.68000,479.05900,15.69100,0.09000,241.85570,5.00000
103.00000,81.61000,476.74400,15.11600,0.07200,243.14080,5.00000
105.00000,294.54300,497.53100,17.53200,0.09500,235.05640,5.00000
106.00000,434.45600,500.88800,17.10400,0.07800,233.39310,5.00000
109.00000,7.04500,512.10600,16.60100,0.08900,247.97370,5.00000
1.00000,72.63400,3.39200,14.78100,0.12700,232.41180,6.00000
4.00000,357.81700,17.96100,15.58000,0.09300,231.90700,6.00000
5.00000,8.48800,19.10100,17.30900,0.14900,232.35230,6.00000
7.00000,510.42600,25.59300,15.29700,0.11100,231.73000,6.00000
11.00000,325.10600,36.64400,17.55200,0.13400,228.95830,6.00000
12.00000,77.09700,43.40200,18.03200,0.23700,232.31800,6.00000
14.00000,500.77500,48.47100,13.75600,0.08400,232.44260,6.00000
18.00000,22.68200,60.94400,13.99900,0.12500,233.45410,6.00000
19.00000,335.69400,66.66500,15.61100,0.07300,229.37430,6.00000
23.00000,381.12600,92.93700,16.90500,0.09500,231.24570,6.00000
25.00000,332.13200,112.28300,16.29900,0.07300,230.91660,6.00000
26.00000,149.66900,113.06200,16.53400,0.10500,230.64950,6.00000
29.00000,70.93400,122.31700,14.79200,0.09000,233.04960,6.00000
31.00000,383.68900,127.12100,17.97400,0.15300,228.65030,6.00000
39.00000,226.30200,161.48100,10.91400,0.06600,245.79430,6.00000
40.00000,239.26100,165.83800,17.41100,0.11800,240.60100,6.00000
41.00000,377.06800,167.05800,17.10500,0.08300,229.39840,6.00000
48.00000,263.93900,188.23400,17.06500,0.07400,232.39060,6.00000
49.00000,363.34600,199.84400,16.54700,0.06400,228.96210,6.00000
50.00000,65.81800,201.68800,17.12200,0.11600,231.78740,6.00000
51.00000,33.59000,203.97700,13.75000,0.09700,236.75680,6.00000
53.00000,56.28500,216.38800,17.05500,0.10800,234.32500,6.00000
56.00000,499.15400,235.70100,14.89000,0.06400,227.21030,6.00000
57.00000,35.22200,237.25600,16.85700,0.09400,234.85740,6.00000
58.00000,103.57100,244.59900,14.44700,0.06900,235.20060,6.00000
59.00000,103.43900,250.39600,17.24700,0.11100,235.19060,6.00000
60.00000,74.33000,252.93500,18.35000,0.26200,234.09870,6.00000
61.00000,121.24100,257.93000,17.29900,0.09600,234.96770,6.00000
63.00000,136.63800,258.32100,13.12200,0.07300,233.95650,6.00000
64.00000,384.38500,264.46900,15.59100,0.05800,232.73930,6.00000
66.00000,256.00000,270.26300,17.49800,0.10800,232.66230,6.00000
69.00000,182.32300,281.04300,17.14300,0.08200,233.51600,6.00000
70.00000,156.50000,299.19900,16.30900,0.06300,232.58400,6.00000
71.00000,302.11500,307.09000,14.75600,0.04900,231.61100,6.00000
72.00000,221.25100,307.97500,16.90200,0.06500,233.46120,6.00000
73.00000,167.05000,308.71700,16.84600,0.09600,231.65240,6.00000
76.00000,221.44600,325.05700,16.14400,0.06800,233.54270,6.00000
79.00000,447.42500,330.96700,13.67000,0.05200,233.32020,6.00000
81.00000,200.98400,362.92800,15.02700,0.05700,234.41350,6.00000
82.00000,49.43000,377.52400,16.34100,0.08500,234.35480,6.00000
94.00000,405.82200,430.69300,17.39100,0.09000,231.55000,6.00000
100.00000,459.53300,469.04800,14.04100,0.04900,233.25690,6.00000
108.00000,57.23200,509.22900,16.96000,0.09300,242.00640,6.00000
6.00000,474.01200,19.79900,17.49400,0.11000,228.95690,7.00000
20.00000,383.60900,72.39400,15.87000,0.08500,231.34040,7.00000
33.00000,162.26700,139.39600,17.62700,0.10600,232.03470,7.00000
35.00000,241.12300,149.35300,19.23900,0.42600,235.94360,7.00000
44.00000,381.35200,169.93500,16.17000,0.06500,230.85670,7.00000
83.00000,155.39900,388.63400,16.73200,0.07800,234.39570,7.00000
102.00000,94.20000,474.41800,15.82800,0.07300,241.04290,7.00000
96.00000,366.40800,439.37700,16.48100,0.08700,232.46030,8.00000
32.00000,329.68000,138.14400,17.11300,0.08900,235.90590,9.00000
90.00000,280.66800,402.94700,10.12800,0.09100,287.10900,9.00000
92.00000,279.50800,404.68500,10.94700,0.18000,287.02630,9.00000
101.00000,90.19400,474.87000,17.70900,0.22300,240.99740,10.00000
