1.00000,244.93000,3.30800,17.77700,0.17100,217.93740,5.00000
2.00000,68.35100,5.09300,14.75100,0.15500,218.18100,5.00000
4.00000,469.61000,21.28200,17.63900,0.13300,219.29730,5.00000
11.00000,496.51700,50.13900,13.73600,0.12700,219.67430,5.00000
12.00000,184.82000,51.14100,17.56600,0.11700,218.50190,5.00000
18.00000,291.94300,90.37400,17.82600,0.13700,218.12830,5.00000
19.00000,349.63300,90.89800,17.80700,0.12000,216.29220,5.00000
22.00000,82.22800,105.96400,16.77500,0.11700,217.89320,5.00000
23.00000,327.85600,113.92300,16.22300,0.10100,218.33490,5.00000
28.00000,224.71200,129.93500,17.72700,0.13900,218.86820,5.00000
32.00000,37.48300,151.23400,15.52600,0.11000,216.69560,5.00000
40.00000,35.05600,170.99100,16.46600,0.10200,216.47420,5.00000
59.00000,453.20300,246.61700,17.94300,0.14600,216.99150,5.00000
67.00000,216.72700,271.10600,19.18200,0.44900,216.74730,5.00000
86.00000,273.76800,362.22100,15.68000,0.10000,223.49830,5.00000
91.00000,408.81700,379.64800,17.96100,0.18600,217.84810,5.00000
97.00000,276.10400,405.90600,10.33400,0.15500,265.79670,5.00000
5.00000,4.11900,20.95700,17.23000,0.14400,214.46040,6.00000
7.00000,186.16800,35.50300,14.99400,0.11300,218.60870,6.00000
10.00000,463.28000,49.35500,15.89500,0.11400,219.35410,6.00000
14.00000,18.37600,62.69900,13.99300,0.13700,217.80620,6.00000
25.00000,66.63500,124.17100,14.75700,0.11300,215.93770,6.00000
26.00000,255.84600,125.41000,17.83600,0.10600,218.57820,6.00000
30.00000,157.95000,141.18300,17.68900,0.10300,216.40650,6.00000
34.00000,501.09400,153.99300,17.28000,0.11100,219.25490,6.00000
33.00000,8.05500,154.13400,14.93400,0.11200,217.12330,6.00000
36.00000,222.00700,163.31700,10.90800,0.09100,227.26660,6.00000
37.00000,234.95800,167.64400,17.42500,0.09200,225.43720,6.00000
38.00000,372.78600,168.72800,16.94900,0.12100,218.17700,6.00000
42.00000,376.95900,171.62700,16.06900,0.09900,217.05830,6.00000
41.00000,181.05800,171.78800,17.23100,0.10000,217.95410,6.00000
50.00000,58.03600,214.34200,17.15000,0.10800,214.29460,6.00000
54.00000,434.89700,225.08500,15.39300,0.09500,218.36170,6.00000
60.00000,318.99300,252.38200,17.94300,0.13600,217.22540,6.00000
64.00000,224.74900,259.64000,16.07200,0.09100,217.97560,6.00000
63.00000,132.28500,260.28000,13.18300,0.08800,218.98290,6.00000
69.00000,251.43100,272.19600,17.36700,0.12200,218.11390,6.00000
71.00000,257.91300,275.65700,16.55600,0.08200,217.83290,6.00000
72.00000,282.82700,280.25400,13.13700,0.09000,219.24500,6.00000
73.00000,177.82100,282.74100,17.02100,0.09000,216.37520,6.00000
74.00000,152.11100,301.03600,16.46700,0.09900,218.16270,6.00000
78.00000,297.84800,308.76200,14.81800,0.08900,218.54460,6.00000
83.00000,310.16300,326.87100,16.36200,0.11800,219.32930,6.00000
87.00000,196.69100,364.67700,15.05200,0.09400,220.11380,6.00000
90.00000,45.11700,379.35200,16.23700,0.10700,216.60780,6.00000
92.00000,151.09500,390.32400,16.68300,0.10000,218.33330,6.00000
93.00000,287.21900,391.31000,17.33900,0.13100,236.13270,6.00000
94.00000,6.36500,394.33800,13.93600,0.10300,217.95100,6.00000
95.00000,116.94200,400.64300,17.01700,0.09400,217.11310,6.00000
100.00000,239.90100,433.38900,17.57200,0.13800,222.13060,6.00000
108.00000,455.15800,470.55600,14.08200,0.10500,223.23900,6.00000
109.00000,89.89000,476.25700,15.75300,0.08800,219.65920,6.00000
113.00000,290.06900,499.38400,17.69400,0.16600,220.97870,6.00000
3.00000,221.97100,13.48000,17.22300,0.12200,218.31400,7.00000
6.00000,506.14000,27.16500,15.32100,0.13000,219.22170,7.00000
8.00000,320.69100,38.32900,17.46900,0.14100,217.78460,7.00000
9.00000,72.32700,45.01400,18.19800,0.18500,214.96510,7.00000
13.00000,73.56100,59.32200,17.85800,0.14500,218.04860,7.00000
15.00000,331.32900,68.38200,15.59300,0.09000,218.09520,7.00000
16.00000,379.29300,74.28000,15.86900,0.10100,218.37740,7.00000
17.00000,273.13500,83.17600,15.45600,0.08600,216.41940,7.00000
20.00000,376.85700,94.66300,16.76700,0.11800,219.16670,7.00000
21.00000,382.91600,98.76000,17.93300,0.14800,218.64310,7.00000
29.00000,325.36600,140.26500,17.20000,0.13900,222.12100,7.00000
31.00000,305.15900,147.65800,10.80600,0.07600,232.13300,7.00000
39.00000,393.75800,170.57500,17.82400,0.13600,218.45120,7.00000
45.00000,401.03100,189.00400,17.07600,0.08200,217.35920,7.00000
46.00000,259.54500,190.05100,17.01200,0.10600,216.41660,7.00000
47.00000,404.51800,196.29100,17.72200,0.12900,216.39700,7.00000
48.00000,358.86100,201.49800,16.58000,0.09800,217.17430,7.00000
49.00000,501.78400,212.35200,18.00100,0.16300,220.27890,7.00000
51.00000,51.99200,218.08500,17.04700,0.11000,215.30310,7.00000
55.00000,144.96900,235.32700,17.58800,0.09900,219.13340,7.00000
57.00000,30.98200,239.05900,16.87100,0.07400,215.46040,7.00000
58.00000,99.18700,246.37000,14.47700,0.10200,217.32580,7.00000
62.00000,116.84100,259.83300,17.25200,0.11000,219.21980,7.00000
80.00000,347.06300,322.38700,16.09200,0.09400,216.90310,7.00000
81.00000,217.05700,326.75400,16.19300,0.08900,218.47140,7.00000
84.00000,443.04600,332.47900,13.63400,0.09800,218.39950,7.00000
101.00000,401.38200,432.32700,17.47300,0.14200,219.18430,7.00000
103.00000,361.90600,441.14300,16.45400,0.09900,220.93680,7.00000
106.00000,325.17700,459.94600,17.56400,0.11000,220.28600,7.00000
107.00000,421.87100,468.34200,16.92000,0.11200,220.24060,7.00000
110.00000,376.86900,475.82700,19.23700,0.50800,221.03650,7.00000
111.00000,77.27700,478.40600,15.17300,0.10700,219.72690,7.00000
112.00000,426.33400,488.05400,17.82700,0.16300,219.87350,7.00000
114.00000,52.73900,511.11900,16.86200,0.08900,219.33890,7.00000
24.00000,369.01200,121.54200,16.87700,0.09400,217.71040,8.00000
27.00000,285.18400,128.56300,16.46500,0.10700,219.62980,8.00000
52.00000,396.78400,221.53000,17.67000,0.13000,216.98330,8.00000
56.00000,494.86600,237.41500,14.88300,0.10200,216.51330,8.00000
65.00000,379.96700,266.18700,15.53300,0.08200,216.45650,8.00000
66.00000,373.95700,267.46500,15.63500,0.10100,216.63750,8.00000
79.00000,216.95800,309.74800,16.96000,0.10500,218.56180,8.00000
82.00000,409.96400,328.22400,13.24800,0.10000,221.48390,8.00000
85.00000,250.71200,359.25600,17.97400,0.17200,220.41930,8.00000
98.00000,392.58600,407.34400,16.53500,0.11400,220.07490,8.00000
102.00000,336.35900,438.39300,16.04700,0.11600,220.57440,8.00000
105.00000,4.64000,455.55400,16.86100,0.09900,215.54880,8.00000
61.00000,98.99500,252.40300,17.10500,0.12400,218.38720,9.00000
77.00000,162.55700,310.41200,16.98800,0.12700,218.54520,9.00000
89.00000,175.56900,373.05300,19.42700,0.50700,217.08310,9.00000
96.00000,276.04200,404.40300,10.76500,0.35600,264.71610,11.00000
