10.00000,288.97900,31.60900,18.23300,0.10500,217.72400,4.00000
20.00000,330.76200,68.61400,15.66400,0.04800,216.93600,4.00000
21.00000,378.76900,74.40500,15.92600,0.04700,214.87080,4.00000
22.00000,272.60900,83.36200,15.51700,0.02900,216.37330,4.00000
23.00000,291.53300,90.72800,17.76400,0.10000,215.97680,4.00000
24.00000,349.41400,91.31700,18.13500,0.10800,215.13900,4.00000
25.00000,376.42200,94.85800,16.93800,0.06300,216.58120,4.00000
27.00000,81.66600,106.21000,17.00600,0.06200,216.46830,4.00000
29.00000,144.79500,115.13700,16.62400,0.06300,215.49040,4.00000
30.00000,265.49400,115.84300,18.32500,0.13600,215.77190,4.00000
34.00000,284.61000,128.86100,16.47700,0.04400,217.65340,4.00000
35.00000,224.32600,130.45400,17.85200,0.09200,217.83370,4.00000
39.00000,7.50700,154.30900,15.03200,0.05200,214.41190,4.00000
40.00000,500.43000,154.37700,17.37600,0.05400,217.83470,4.00000
43.00000,234.39900,167.82300,17.52100,0.08500,223.05870,4.00000
44.00000,372.40200,169.02600,16.97800,0.05300,215.90960,4.00000
45.00000,393.13800,170.51800,17.85000,0.14700,215.84250,4.00000
47.00000,180.55000,172.09000,17.07300,0.04700,217.47910,4.00000
49.00000,400.65400,189.23300,17.19400,0.06700,216.81510,4.00000
51.00000,404.03200,196.02000,17.78000,0.10400,217.28940,4.00000
57.00000,57.60800,214.59100,17.11500,0.05000,214.04560,4.00000
58.00000,51.54400,218.21900,17.17000,0.05200,215.02240,4.00000
62.00000,144.42300,235.31500,17.62600,0.10200,216.32070,4.00000
64.00000,30.43200,239.34300,17.03700,0.04900,214.92760,4.00000
68.00000,318.66100,252.67000,17.99900,0.09400,216.21850,4.00000
69.00000,116.47100,260.09000,17.35300,0.07800,217.55170,4.00000
75.00000,257.47300,275.95800,16.59600,0.05100,216.25690,4.00000
80.00000,297.31700,309.00400,14.78100,0.06500,218.32580,4.00000
82.00000,162.20900,310.71200,16.98100,0.06500,216.77900,4.00000
84.00000,346.62300,322.56500,16.19900,0.04500,216.67420,4.00000
86.00000,261.90100,327.91400,18.50000,0.16400,217.29010,4.00000
94.00000,44.63500,379.48200,16.41600,0.04700,215.01380,4.00000
95.00000,150.65400,390.50200,16.80900,0.05700,214.47060,4.00000
97.00000,5.77400,394.46500,14.00200,0.05000,218.13740,4.00000
98.00000,116.48400,401.08700,17.12200,0.05200,214.13950,4.00000
106.00000,239.41800,433.44000,17.75000,0.10700,221.17230,4.00000
111.00000,324.63400,459.55900,17.84700,0.10700,218.47410,4.00000
113.00000,219.44800,470.36000,14.66700,0.22900,219.70400,4.00000
116.00000,85.64200,476.99700,17.27400,0.07900,218.59160,4.00000
119.00000,426.17600,488.38000,17.91200,0.13000,219.64520,4.00000
120.00000,165.55800,493.36500,18.37200,0.15900,218.98590,4.00000
123.00000,429.84100,502.92800,17.05700,0.07100,220.00600,4.00000
1.00000,244.46700,3.56800,17.82900,0.11700,215.24730,5.00000
4.00000,221.41700,13.63500,17.30900,0.08600,216.48350,5.00000
5.00000,353.02100,19.95400,15.67300,0.06600,217.54410,5.00000
7.00000,469.29100,21.66600,17.66800,0.08500,217.22860,5.00000
9.00000,505.57900,27.53000,15.36800,0.06600,219.15320,5.00000
12.00000,320.32800,38.51200,17.69400,0.10000,216.96300,5.00000
13.00000,71.88500,45.27700,18.30400,0.16000,215.58980,5.00000
14.00000,462.73900,49.66900,15.92800,0.05400,217.14990,5.00000
15.00000,495.85500,50.39200,13.86000,0.07800,218.26210,5.00000
16.00000,184.32900,51.40700,17.59200,0.07800,215.43710,5.00000
17.00000,72.96900,59.53600,18.09300,0.13500,214.38650,5.00000
18.00000,134.48100,60.49200,19.49300,0.47300,216.89040,5.00000
26.00000,382.36800,98.83000,18.05500,0.10600,216.15550,5.00000
32.00000,66.17300,124.34300,14.92500,0.06300,214.28320,5.00000
38.00000,36.94800,151.42500,15.71300,0.06700,215.28400,5.00000
41.00000,221.50900,163.51500,10.98000,0.02400,227.17080,5.00000
46.00000,34.53500,171.31000,16.59600,0.04500,215.93300,5.00000
50.00000,259.28800,190.02200,17.25100,0.07500,217.91190,5.00000
53.00000,60.97600,203.80100,17.34900,0.08200,215.55950,5.00000
56.00000,133.24200,214.17800,19.42700,0.43000,217.07990,5.00000
60.00000,396.33500,221.95100,18.11600,0.13000,216.73280,5.00000
66.00000,452.59800,246.51900,18.10500,0.10000,215.88500,5.00000
65.00000,98.66000,246.60900,14.50700,0.02700,216.87510,5.00000
67.00000,98.68500,252.36700,17.30400,0.07800,216.59280,5.00000
71.00000,224.23000,259.94300,16.05200,0.05700,216.20540,5.00000
70.00000,131.69700,260.29700,13.14000,0.04200,219.14730,5.00000
74.00000,251.24400,272.41900,17.62400,0.08500,217.87350,5.00000
77.00000,177.47000,282.98300,17.26500,0.07000,215.75470,5.00000
79.00000,151.73200,301.21700,16.54100,0.05000,217.27830,5.00000
81.00000,216.36300,310.01800,16.95700,0.08200,215.85830,5.00000
90.00000,250.45800,358.87400,18.18900,0.14700,220.00780,5.00000
93.00000,75.20300,372.46500,18.25900,0.11600,215.48670,5.00000
96.00000,286.60000,391.56700,17.43500,0.09100,230.78200,5.00000
103.00000,391.96100,407.34500,16.57000,0.06400,218.16190,5.00000
104.00000,255.22800,429.63900,16.68000,0.06600,223.56020,5.00000
108.00000,335.81400,438.73300,16.10500,0.06000,218.50450,5.00000
109.00000,361.50500,441.45600,16.56000,0.07900,217.43240,5.00000
110.00000,4.15600,455.84100,17.05000,0.05300,216.06390,5.00000
112.00000,421.37300,468.47300,17.11600,0.06800,218.99710,5.00000
122.00000,289.82800,499.41600,17.71900,0.09300,216.93990,5.00000
3.00000,413.27200,6.24000,18.15700,0.12700,213.95450,6.00000
6.00000,3.61600,20.75700,17.57300,0.10400,214.20040,6.00000
11.00000,185.65700,35.78700,15.03900,0.04900,217.93410,6.00000
19.00000,17.75800,62.88400,14.16900,0.08400,215.55380,6.00000
33.00000,255.30400,125.65500,17.90000,0.10500,216.96770,6.00000
36.00000,324.78800,140.33200,17.46800,0.07900,221.94300,6.00000
54.00000,28.71600,205.92300,13.87600,0.04200,213.39150,6.00000
55.00000,501.13400,212.84900,18.16900,0.14800,217.98350,6.00000
61.00000,434.36200,225.22400,15.42100,0.05600,214.87600,6.00000
63.00000,494.42700,237.69100,14.97200,0.04900,214.71890,6.00000
72.00000,379.52600,266.46400,15.66700,0.05000,218.00560,6.00000
73.00000,373.45900,267.81800,15.68000,0.05300,217.54560,6.00000
85.00000,216.54400,326.95600,16.23600,0.04700,216.35630,6.00000
88.00000,409.50800,328.47600,13.30200,0.05200,215.65320,6.00000
89.00000,442.60000,332.88900,13.70400,0.04900,219.34850,6.00000
91.00000,273.36300,362.43400,15.84600,0.05200,222.05860,6.00000
92.00000,196.22400,364.99300,15.04400,0.05500,216.59500,6.00000
101.00000,192.06300,405.25000,17.62400,0.07700,215.95070,6.00000
114.00000,454.69600,470.95900,14.06500,0.04700,219.86720,6.00000
117.00000,76.68000,478.76800,15.12900,0.03100,217.04700,6.00000
2.00000,67.75400,5.24800,14.94000,0.08700,216.02820,7.00000
28.00000,327.40000,114.21600,16.34900,0.04500,217.82870,7.00000
48.00000,376.57800,171.88800,16.21000,0.03600,216.56950,7.00000
76.00000,282.40500,280.46900,13.15600,0.04800,219.04020,7.00000
87.00000,309.71300,327.18700,16.24000,0.04300,216.73340,7.00000
107.00000,400.88700,432.60300,17.58100,0.09900,216.46110,7.00000
115.00000,89.49400,476.44100,15.88800,0.04400,217.98490,7.00000
118.00000,84.84600,481.12600,15.76200,0.04400,217.22630,7.00000
31.00000,368.47200,121.73000,17.04600,0.06100,218.05500,8.00000
52.00000,358.42600,201.90100,16.65300,0.05100,215.64790,8.00000
124.00000,52.23400,511.00400,17.10700,0.04800,216.98790,8.00000
121.00000,396.12100,494.08000,19.52400,0.46700,218.64280,9.00000
37.00000,304.62300,147.98000,10.79700,0.02100,227.55520,11.00000
99.00000,268.24700,403.13400,16.48500,0.25100,247.32350,12.00000
100.00000,276.32800,405.19400,10.47300,0.10200,268.69320,18.00000
102.00000,274.45000,405.29000,10.81100,0.15500,268.11990,29.00000
