13.00000,103.77900,32.95300,18.13500,0.22700,288.78840,4.00000
19.00000,154.57600,47.55400,19.29600,0.38700,291.06380,4.00000
22.00000,179.92600,50.98500,17.62600,0.13500,290.10100,4.00000
23.00000,128.54200,53.04900,18.48400,0.26300,292.06980,4.00000
31.00000,120.78400,72.55100,18.45100,0.29600,292.15600,4.00000
37.00000,371.70600,94.75100,16.71100,0.10200,295.15420,4.00000
42.00000,322.71700,114.04900,16.20700,0.10000,297.01180,4.00000
56.00000,152.86800,141.11800,17.60000,0.10500,293.28850,4.00000
57.00000,33.14800,142.69500,18.51700,0.31400,286.58230,4.00000
70.00000,388.41900,170.55900,17.66800,0.13400,300.34670,4.00000
75.00000,254.59900,190.09600,16.92100,0.11500,296.54000,4.00000
81.00000,56.27100,203.57500,17.01600,0.08500,290.39960,4.00000
102.00000,246.52000,272.15700,17.40800,0.08600,299.02760,4.00000
108.00000,172.74100,282.90700,17.00200,0.10100,297.33780,4.00000
110.00000,18.07800,286.43500,18.78000,0.31500,290.18700,4.00000
123.00000,189.92400,352.10400,19.14300,0.53900,299.57280,4.00000
125.00000,246.00900,359.03900,17.91300,0.11700,303.25540,4.00000
130.00000,70.64700,372.50300,17.69700,0.10300,288.11870,4.00000
140.00000,270.87200,405.11100,9.76400,0.08100,348.29460,4.00000
147.00000,163.99800,443.77800,18.85100,0.36100,296.81870,4.00000
159.00000,84.87200,476.21800,15.64300,0.06900,298.43140,4.00000
165.00000,421.53800,488.20700,17.76300,0.11600,303.34190,4.00000
1.00000,239.83400,3.61300,17.55900,0.15200,288.65840,5.00000
3.00000,427.18000,6.26100,19.06000,0.39900,289.75700,5.00000
5.00000,216.78500,13.51600,17.08100,0.09200,287.71590,5.00000
9.00000,348.36700,19.79000,15.47300,0.13100,291.88040,5.00000
10.00000,464.49500,21.46400,17.52400,0.21000,290.21500,5.00000
12.00000,284.29900,31.19600,17.93700,0.14400,291.32790,5.00000
18.00000,67.21200,45.17500,17.89000,0.17400,288.64830,5.00000
30.00000,363.98500,69.97300,18.99700,0.42800,294.72320,5.00000
36.00000,344.54700,90.99600,17.69000,0.12400,294.83860,5.00000
38.00000,377.78700,98.83000,17.97100,0.18100,296.21250,5.00000
40.00000,77.04700,105.91400,16.78600,0.12200,291.22410,5.00000
44.00000,260.60600,115.56500,18.13700,0.21200,293.56330,5.00000
46.00000,363.89000,121.64500,16.76000,0.08700,294.47860,5.00000
47.00000,61.46700,124.09800,14.72700,0.12400,287.69270,5.00000
48.00000,250.67900,125.73800,17.44200,0.09800,292.28410,5.00000
59.00000,197.88900,143.86300,19.19200,0.48600,296.12090,5.00000
60.00000,300.04900,147.77000,10.75600,0.10500,313.12610,5.00000
61.00000,32.30200,151.19100,15.46600,0.11600,288.36560,5.00000
63.00000,2.86600,154.08000,14.86200,0.10800,290.96370,5.00000
65.00000,216.87100,163.34200,10.84200,0.09400,310.40330,5.00000
69.00000,29.78100,171.00500,16.42500,0.09100,291.09770,5.00000
72.00000,371.98800,171.81400,15.95800,0.09100,300.56020,5.00000
73.00000,131.81800,178.18400,18.19200,0.16700,295.32820,5.00000
79.00000,141.85800,194.99700,17.85800,0.14200,294.83940,5.00000
77.00000,399.15500,196.03000,17.31200,0.11100,302.24500,5.00000
80.00000,353.83800,201.69600,16.42400,0.09800,299.60570,5.00000
84.00000,53.00400,214.56800,16.93800,0.08900,290.00870,5.00000
85.00000,46.93800,217.92300,16.92900,0.10700,287.25370,5.00000
87.00000,429.66100,225.09200,15.14300,0.09200,297.87460,5.00000
88.00000,179.19700,232.95300,18.01500,0.15600,295.41940,5.00000
91.00000,25.77200,239.08900,16.78500,0.12900,287.90620,5.00000
94.00000,94.18800,252.21300,17.03700,0.10700,295.85270,5.00000
95.00000,314.17000,252.54800,17.62900,0.09700,296.07590,5.00000
98.00000,127.16200,260.16300,13.00900,0.09400,299.05380,5.00000
100.00000,374.92300,266.32800,15.37300,0.07400,302.24670,5.00000
103.00000,252.87100,275.83400,16.45800,0.09500,299.34960,5.00000
118.00000,211.99400,326.87800,16.00100,0.07400,299.45650,5.00000
122.00000,25.73100,337.02400,19.11200,0.44700,291.08530,5.00000
128.00000,349.28000,362.56100,18.40800,0.25500,301.79210,5.00000
135.00000,111.89100,401.00500,16.93500,0.10300,294.52840,5.00000
139.00000,387.44200,407.24400,16.35000,0.09300,302.21670,5.00000
142.00000,234.70800,433.36200,17.54500,0.09800,302.90220,5.00000
146.00000,356.98400,441.27300,16.30400,0.07400,302.00470,5.00000
160.00000,435.17400,478.10600,19.44000,0.54100,303.51570,5.00000
166.00000,285.22700,499.65800,17.38000,0.07200,298.74400,5.00000
169.00000,47.64200,511.06000,16.74500,0.11600,295.47410,5.00000
7.00000,414.88700,14.89700,19.05500,0.40800,292.14520,6.00000
14.00000,180.93700,35.62800,14.88900,0.10600,292.74980,6.00000
15.00000,315.53900,38.31700,17.59900,0.15000,290.51180,6.00000
17.00000,439.72000,43.39300,18.76500,0.30600,289.61010,6.00000
20.00000,458.13600,49.48600,15.72100,0.12400,290.50730,6.00000
21.00000,491.32300,50.12000,13.76300,0.14600,294.22710,6.00000
27.00000,68.23500,59.16800,17.74300,0.19000,291.66560,6.00000
28.00000,13.17000,62.70800,14.04300,0.13700,287.54380,6.00000
34.00000,268.03700,83.11100,15.34500,0.09600,291.97030,6.00000
35.00000,286.99600,90.76500,17.72500,0.13200,291.85700,6.00000
49.00000,280.03400,128.78800,16.24100,0.09300,295.66610,6.00000
50.00000,219.67600,129.93400,17.57100,0.13300,293.57220,6.00000
66.00000,424.46800,163.94100,18.29700,0.18500,298.34640,6.00000
67.00000,229.96500,167.56300,17.25400,0.10700,299.67790,6.00000
68.00000,367.77900,168.89500,16.88700,0.12800,300.94610,6.00000
71.00000,175.96900,171.76700,16.81800,0.12100,295.12640,6.00000
78.00000,136.70700,196.13100,19.04700,0.41600,292.82010,6.00000
82.00000,24.13500,205.78100,13.67300,0.10700,289.88240,6.00000
86.00000,391.63800,221.95400,17.74300,0.16200,300.32030,6.00000
89.00000,139.82000,235.29900,17.48500,0.10700,296.52620,6.00000
90.00000,489.83300,237.62700,14.73400,0.08700,296.08250,6.00000
92.00000,94.09600,246.45100,14.34700,0.07600,295.34310,6.00000
93.00000,448.35300,246.74600,17.82200,0.15600,300.99000,6.00000
97.00000,111.90000,259.99700,17.09600,0.10400,295.64850,6.00000
101.00000,368.85800,267.71800,15.46000,0.09200,302.51860,6.00000
112.00000,147.05900,301.05500,16.23100,0.08300,297.29930,6.00000
113.00000,292.72900,308.91100,14.63700,0.09300,299.38870,6.00000
116.00000,211.68100,309.82900,16.64000,0.09100,299.25810,6.00000
115.00000,157.49900,310.63100,16.71000,0.09100,297.24690,6.00000
119.00000,404.90100,328.34000,13.10700,0.08100,300.86800,6.00000
121.00000,438.03600,332.77100,13.52500,0.09600,303.56550,6.00000
127.00000,302.00800,361.80200,18.93900,0.34400,303.06900,6.00000
126.00000,268.71700,362.38800,15.57900,0.07300,306.69010,6.00000
132.00000,40.10200,379.24000,16.23800,0.08600,290.64920,6.00000
133.00000,146.07200,390.41900,16.51200,0.07100,294.23820,6.00000
137.00000,187.23200,404.97000,17.25900,0.12500,299.27250,6.00000
155.00000,320.23400,460.13700,17.47900,0.13600,301.50120,6.00000
158.00000,450.16800,470.81300,13.94800,0.10500,304.23240,6.00000
161.00000,72.22500,478.56800,15.02800,0.09100,297.16070,6.00000
162.00000,80.27100,480.83000,15.60200,0.09500,297.82530,6.00000
164.00000,275.58700,486.24600,18.90200,0.23200,297.62090,6.00000
167.00000,425.27300,502.81700,16.92500,0.12400,303.12490,6.00000
168.00000,311.25200,504.23100,19.32000,0.51700,300.44500,6.00000
2.00000,63.15500,5.10000,14.85500,0.14300,287.40450,7.00000
11.00000,500.94600,27.23300,15.28700,0.14400,290.56410,7.00000
29.00000,326.20400,68.48100,15.55400,0.11300,293.92650,7.00000
32.00000,374.08900,74.15300,15.78100,0.11600,293.76670,7.00000
43.00000,140.14400,114.90300,16.43300,0.12000,291.16130,7.00000
54.00000,320.20100,140.01400,17.20500,0.12200,298.49260,7.00000
99.00000,219.56100,259.81000,15.83100,0.10400,298.68220,7.00000
105.00000,277.76400,280.34700,13.31500,0.07700,298.66540,7.00000
117.00000,305.19400,326.97400,16.11700,0.09900,299.15520,7.00000
134.00000,172.49200,397.08500,19.32900,0.45300,298.91160,7.00000
143.00000,136.62800,433.31400,19.22500,0.52600,296.48750,7.00000
145.00000,90.90400,436.74400,19.09400,0.34800,293.74500,7.00000
149.00000,343.30200,447.09500,18.23300,0.21200,301.72710,7.00000
156.00000,416.79700,468.42700,16.82900,0.09300,302.45450,7.00000
16.00000,348.92500,39.50300,19.29200,0.44900,292.58080,8.00000
52.00000,302.93000,136.35900,18.65700,0.33000,301.22480,8.00000
148.00000,414.82000,442.91000,19.14000,0.46500,303.85490,8.00000
