12.00000,186.56900,36.24900,14.93200,0.13400,217.95650,4.00000
13.00000,463.56700,50.10000,15.81100,0.13800,216.46480,4.00000
23.00000,383.55400,99.79600,18.06000,0.16800,219.63220,4.00000
43.00000,181.56800,172.67600,16.99800,0.11100,218.74630,4.00000
68.00000,247.47000,271.82300,19.53500,0.50300,217.81270,4.00000
1.00000,245.53400,4.16500,17.65000,0.15600,219.47570,5.00000
2.00000,68.57200,5.80800,14.79200,0.16300,217.10660,5.00000
3.00000,414.59500,6.84600,17.90700,0.19000,219.40730,5.00000
7.00000,4.55900,21.73600,17.29400,0.18000,215.53310,5.00000
10.00000,506.56700,27.86200,15.27600,0.16200,220.69760,5.00000
21.00000,292.54600,91.24100,17.61900,0.12100,217.35950,5.00000
28.00000,369.56700,122.16400,16.92700,0.11400,219.84530,5.00000
45.00000,137.56800,178.64300,18.57900,0.28800,219.99720,5.00000
51.00000,29.58400,206.54300,13.73400,0.11400,219.42000,5.00000
103.00000,5.52900,456.42800,17.02300,0.14100,216.96020,5.00000
11.00000,109.56700,33.90600,18.09200,0.15500,217.15840,6.00000
15.00000,185.56600,51.67900,17.77800,0.16000,218.90530,6.00000
16.00000,73.55500,60.57000,17.87400,0.19400,217.97790,6.00000
18.00000,331.57100,69.07800,15.55900,0.12500,219.28730,6.00000
19.00000,379.58000,74.78900,15.82600,0.12000,219.16770,6.00000
20.00000,273.57200,83.77000,15.37100,0.13100,217.95480,6.00000
25.00000,82.56800,106.77900,16.81300,0.15100,217.72350,6.00000
27.00000,145.56900,115.72200,16.51400,0.10700,218.51740,6.00000
30.00000,256.55900,126.61400,17.56300,0.10900,219.62830,6.00000
32.00000,379.49100,129.99400,18.57200,0.34300,219.86920,6.00000
34.00000,325.56800,140.87700,17.27300,0.12000,224.38830,6.00000
38.00000,8.55900,154.75800,14.91600,0.13700,214.07320,6.00000
44.00000,377.57300,172.47900,16.09300,0.10800,219.20770,6.00000
41.00000,35.55400,171.87800,16.50100,0.14600,217.99330,6.00000
46.00000,401.56500,189.77400,17.04100,0.09500,219.70600,6.00000
48.00000,404.56400,196.78100,17.71300,0.12000,219.08790,6.00000
50.00000,61.56200,204.36900,17.06200,0.09800,217.47190,6.00000
53.00000,58.56800,215.31100,17.03800,0.12500,214.87760,6.00000
55.00000,397.54000,222.49100,17.83200,0.13200,219.83920,6.00000
59.00000,31.55100,239.82200,16.93500,0.13400,217.58420,6.00000
61.00000,453.54400,247.15800,17.84700,0.16100,218.72060,6.00000
63.00000,319.61300,253.17800,17.82200,0.14800,219.12370,6.00000
65.00000,132.58700,260.83100,13.10300,0.11200,222.30390,6.00000
69.00000,252.50600,272.89300,17.59700,0.12500,219.02260,6.00000
74.00000,152.56200,301.76000,16.38000,0.12000,219.04000,6.00000
75.00000,217.56600,310.59300,16.81600,0.12500,219.44070,6.00000
88.00000,129.48900,388.28400,18.64600,0.23300,219.42960,6.00000
89.00000,6.58100,394.97900,13.97600,0.12300,219.21980,6.00000
91.00000,117.57500,401.50400,17.03900,0.09800,219.41470,6.00000
95.00000,276.54200,405.95400,9.85700,0.05700,273.11970,6.00000
99.00000,401.56500,433.28100,17.57700,0.11500,220.38150,6.00000
100.00000,336.57500,439.29600,15.96000,0.10100,221.08250,6.00000
109.00000,427.54400,488.95100,17.83200,0.21200,223.60980,6.00000
8.00000,470.52500,22.11500,17.68900,0.18500,220.64740,7.00000
17.00000,18.58300,63.34800,14.04400,0.15400,217.95520,7.00000
22.00000,377.55700,95.59200,16.77800,0.12400,218.66310,7.00000
26.00000,328.54200,114.68200,16.34800,0.11300,219.94060,7.00000
31.00000,285.56700,129.41900,16.34700,0.08600,220.04270,7.00000
33.00000,225.51600,131.02800,17.53200,0.13100,220.30460,7.00000
35.00000,305.59000,148.55300,10.72300,0.09500,232.99860,7.00000
36.00000,37.57900,151.80200,15.61700,0.14200,218.11870,7.00000
42.00000,427.56800,171.29800,19.18400,0.53400,217.39310,7.00000
49.00000,359.56800,202.42100,16.49200,0.08900,218.77890,7.00000
54.00000,52.54500,218.75600,17.05500,0.12800,215.24170,7.00000
57.00000,145.56200,235.99100,17.56300,0.12700,217.65240,7.00000
58.00000,494.57300,238.24900,14.92700,0.18900,217.00670,7.00000
67.00000,374.56500,268.42800,15.60600,0.08900,220.14800,7.00000
70.00000,258.57700,276.49700,16.52300,0.10100,217.63420,7.00000
72.00000,178.56200,283.62500,17.11900,0.13000,219.53120,7.00000
77.00000,162.57800,311.33500,16.96100,0.11300,219.57660,7.00000
80.00000,310.58400,327.68400,16.19700,0.07100,220.28450,7.00000
82.00000,443.58000,333.48000,13.57100,0.09000,222.09450,7.00000
87.00000,45.55900,380.01600,16.34100,0.11800,218.88620,7.00000
93.00000,263.57700,405.88000,17.54700,0.18700,244.50880,7.00000
106.00000,455.58600,471.51600,13.95000,0.09700,221.08540,7.00000
107.00000,77.57800,479.33700,15.08700,0.10900,220.61660,7.00000
108.00000,85.56900,481.60900,15.68000,0.11000,223.61080,7.00000
111.00000,430.58000,503.56100,17.00900,0.10700,223.62020,7.00000
6.00000,353.58200,20.39700,15.62400,0.14100,220.42740,8.00000
29.00000,66.58500,124.79500,14.92700,0.16500,218.49770,8.00000
40.00000,373.56200,169.58500,17.01800,0.13900,219.43310,8.00000
47.00000,259.58000,190.74100,17.29900,0.17700,218.73920,8.00000
66.00000,224.57600,260.53600,16.06500,0.15000,215.99230,8.00000
76.00000,297.57700,309.59500,14.82900,0.17400,220.21450,8.00000
79.00000,217.57200,327.54700,16.07500,0.10300,219.30000,8.00000
81.00000,410.55200,329.12100,13.33100,0.10700,221.18820,8.00000
84.00000,196.58200,365.56500,15.01200,0.14200,218.90300,8.00000
90.00000,287.57600,392.37100,17.24600,0.09600,233.41820,8.00000
92.00000,192.56500,405.49900,17.44900,0.13200,221.67580,8.00000
98.00000,256.52500,430.51800,16.68200,0.12500,228.01180,8.00000
102.00000,362.54800,442.05000,16.49100,0.12700,220.06920,8.00000
104.00000,325.56900,460.46700,17.71200,0.15800,221.26180,8.00000
110.00000,289.60000,500.29700,18.08900,0.36000,220.71670,8.00000
4.00000,222.53800,14.13900,17.34900,0.17000,219.61440,9.00000
14.00000,496.58600,50.86900,13.80400,0.15200,220.31100,9.00000
71.00000,283.54000,281.09200,13.20600,0.10900,223.68640,9.00000
78.00000,347.58000,323.40500,16.15800,0.08900,219.95810,9.00000
112.00000,53.53600,511.87100,17.06900,0.14000,221.38020,9.00000
56.00000,435.52900,225.69900,15.46400,0.13400,217.83660,10.00000
85.00000,274.54600,363.04900,15.80600,0.11000,222.32100,11.00000
60.00000,99.60800,247.19800,14.44500,0.10700,216.51180,12.00000
62.00000,99.13100,252.71000,16.47000,0.13900,216.32240,16.00000
