58.00000,160.30900,136.12800,17.71200,0.14700,334.12720,4.00000
96.00000,504.38700,207.08300,18.24000,0.20500,337.37830,4.00000
165.00000,77.93500,367.03800,18.05700,0.23400,357.03170,4.00000
32.00000,275.68200,78.03400,15.57600,0.09200,335.12640,5.00000
46.00000,371.56200,116.36700,17.14200,0.15600,335.55620,5.00000
55.00000,174.22500,132.12800,18.97500,0.45400,334.01840,5.00000
92.00000,174.07600,198.02300,18.64300,0.32800,333.38820,5.00000
104.00000,187.15500,227.70200,18.01000,0.17200,334.73180,5.00000
114.00000,101.68300,241.24000,14.59800,0.09700,341.33790,5.00000
128.00000,253.93400,267.01900,17.75400,0.16700,337.86780,5.00000
164.00000,476.93900,364.81600,18.91000,0.39900,334.80580,5.00000
168.00000,3.87300,370.21400,19.02500,0.38700,363.71600,5.00000
169.00000,47.66000,374.09900,16.42300,0.10200,364.19480,5.00000
177.00000,119.26600,395.60100,17.10100,0.12200,358.85290,5.00000
180.00000,194.74500,399.66400,17.63300,0.16000,345.78730,5.00000
179.00000,278.45100,399.69600,9.83600,0.04600,389.40390,5.00000
217.00000,88.25200,471.53600,17.48800,0.21100,373.71270,5.00000
232.00000,5.04000,508.42000,16.81000,0.08300,376.78650,5.00000
3.00000,355.93300,14.65500,15.76700,0.09600,335.61790,6.00000
4.00000,6.66900,15.70200,17.50200,0.18300,341.45100,6.00000
5.00000,508.62800,22.28500,15.44100,0.10600,339.98190,6.00000
12.00000,323.16400,33.19200,17.67100,0.12100,336.05300,6.00000
13.00000,74.93300,39.93100,18.01700,0.20600,336.62420,6.00000
16.00000,465.83300,44.35000,16.03100,0.08900,338.37330,6.00000
19.00000,187.36200,46.06800,17.79300,0.19500,336.24330,6.00000
20.00000,76.15200,54.35000,18.09000,0.15700,337.36080,6.00000
23.00000,20.86100,57.68000,14.17000,0.11600,342.18730,6.00000
29.00000,128.44200,67.48100,18.53100,0.24600,334.82120,6.00000
40.00000,84.64500,101.01400,16.96900,0.12800,336.43840,6.00000
43.00000,147.74900,109.94900,16.73800,0.10800,336.11140,6.00000
52.00000,227.03900,124.97100,17.85100,0.17800,337.68890,6.00000
59.00000,307.66400,142.57300,11.00600,0.07200,352.85970,6.00000
64.00000,10.57900,149.11500,15.05800,0.10700,347.17630,6.00000
68.00000,237.50600,162.32100,17.51700,0.14800,343.08920,6.00000
70.00000,37.61200,165.92000,16.71400,0.12800,346.62870,6.00000
72.00000,379.50400,166.66200,16.35500,0.09700,334.89510,6.00000
71.00000,184.00700,166.68300,17.31000,0.13800,335.59280,6.00000
84.00000,262.08400,185.06200,17.20700,0.10200,337.40580,6.00000
91.00000,63.98600,198.52800,17.20600,0.11700,343.65790,6.00000
94.00000,463.82000,201.67600,19.44900,0.52600,337.61510,6.00000
107.00000,147.50600,230.23000,17.99000,0.17300,335.43980,6.00000
117.00000,305.23700,252.54500,18.88900,0.43100,331.08560,6.00000
120.00000,474.01900,253.71100,19.38900,0.52700,334.26930,6.00000
131.00000,180.65100,277.44500,17.43000,0.13100,336.00270,6.00000
139.00000,219.23600,304.51300,16.92100,0.10500,338.00170,6.00000
151.00000,377.15900,325.80200,19.08600,0.53700,335.82380,6.00000
158.00000,253.37300,353.41300,18.41500,0.27100,337.95510,6.00000
173.00000,153.47100,385.25600,16.87200,0.10800,348.21850,6.00000
182.00000,262.71700,402.51400,17.97200,0.25100,354.72280,6.00000
184.00000,312.64000,403.03600,18.83400,0.35300,345.78450,6.00000
198.00000,16.69900,435.69200,19.25600,0.43200,371.00800,6.00000
208.00000,7.05000,450.51700,17.06800,0.12200,372.18830,6.00000
227.00000,432.82700,497.49600,17.23700,0.13200,339.21000,6.00000
233.00000,354.59200,512.09400,17.50400,0.19500,343.90740,6.00000
2.00000,224.57700,8.22100,17.61800,0.16100,334.92740,7.00000
7.00000,291.60700,26.43800,17.92300,0.12500,336.20090,7.00000
9.00000,111.49200,27.76300,18.36300,0.25600,337.27780,7.00000
11.00000,188.69200,30.45800,15.14900,0.09300,334.54430,7.00000
35.00000,379.26200,89.44700,17.02000,0.10300,339.43430,7.00000
38.00000,488.69800,98.92700,19.28600,0.54100,338.79610,7.00000
49.00000,258.42700,120.27400,17.98500,0.11800,337.56800,7.00000
51.00000,287.69700,123.59500,16.75500,0.10800,339.34650,7.00000
56.00000,327.83600,134.92600,17.27300,0.12700,339.25600,7.00000
65.00000,503.54400,149.16500,17.33700,0.10500,338.38880,7.00000
67.00000,224.52000,158.25600,11.15200,0.09500,349.72120,7.00000
69.00000,396.32100,165.24700,17.86300,0.15800,338.00450,7.00000
83.00000,403.64200,184.09800,17.38700,0.15400,337.54140,7.00000
88.00000,406.73900,190.77700,17.75200,0.11300,337.56620,7.00000
93.00000,31.83700,200.55800,13.90300,0.09700,349.73530,7.00000
97.00000,60.64000,209.21700,17.22500,0.11400,345.51590,7.00000
98.00000,54.76600,213.26800,17.20900,0.13600,347.11240,7.00000
103.00000,437.23700,220.01600,15.59100,0.09800,336.36910,7.00000
112.00000,33.46200,234.03100,17.09400,0.15400,350.95590,7.00000
119.00000,227.04800,254.43300,16.25200,0.09500,335.14590,7.00000
118.00000,134.75400,255.01800,13.28900,0.09000,339.97520,7.00000
123.00000,382.46100,261.18700,15.74500,0.10400,336.85070,7.00000
129.00000,260.52200,270.43800,16.73800,0.09600,337.65300,7.00000
136.00000,154.57000,295.93700,16.53200,0.10600,338.09980,7.00000
145.00000,349.64600,317.21400,16.35300,0.10200,329.20840,7.00000
146.00000,219.63000,321.54400,16.32700,0.07800,336.98340,7.00000
150.00000,312.73800,321.78500,16.58100,0.11500,336.38240,7.00000
148.00000,412.39600,323.16900,13.49900,0.09900,337.96750,7.00000
152.00000,445.57900,327.35400,13.93300,0.10100,336.93740,7.00000
160.00000,356.87200,356.73200,18.43700,0.28900,335.85220,7.00000
161.00000,199.05600,359.40500,15.18500,0.09500,340.34620,7.00000
170.00000,429.63600,373.25500,18.89100,0.39900,334.57710,7.00000
174.00000,8.85100,389.16300,14.06800,0.09400,371.62760,7.00000
181.00000,394.95600,401.95400,16.53900,0.10500,334.61630,7.00000
185.00000,152.89100,406.83200,19.29900,0.54100,352.67150,7.00000
194.00000,242.10800,428.14700,17.77200,0.15400,347.49720,7.00000
199.00000,364.59500,436.07600,16.62900,0.12500,338.70930,7.00000
206.00000,350.00900,442.29100,18.50900,0.33600,340.25630,7.00000
209.00000,327.59700,454.61500,17.78800,0.16100,342.25000,7.00000
211.00000,424.21100,463.16500,17.18000,0.15200,337.72250,7.00000
212.00000,122.04900,465.35300,19.01700,0.44400,364.62760,7.00000
215.00000,92.39600,471.25100,16.05700,0.11100,371.48160,7.00000
221.00000,51.62900,477.09400,19.31600,0.52500,371.68420,7.00000
220.00000,87.86800,475.63500,15.86200,0.08000,371.90370,7.00000
223.00000,428.92200,483.26500,18.02000,0.17500,339.63300,7.00000
226.00000,292.34900,494.04900,17.83200,0.20700,350.55230,7.00000
18.00000,498.94100,45.20300,13.92600,0.09800,341.17210,8.00000
26.00000,333.84600,63.32800,15.73100,0.08700,335.74410,8.00000
30.00000,381.70400,69.10100,15.91500,0.09200,338.00320,8.00000
36.00000,385.45700,93.37200,18.12000,0.23000,338.24060,8.00000
48.00000,69.12200,119.18600,15.03600,0.11000,338.20720,8.00000
53.00000,48.66700,131.41400,19.17200,0.53200,340.16990,8.00000
61.00000,39.99100,146.26000,15.76600,0.09900,344.46000,8.00000
101.00000,45.36300,215.83900,18.90800,0.43900,349.91210,8.00000
102.00000,399.22500,216.84900,17.89100,0.21000,336.62750,8.00000
111.00000,497.27800,232.29200,15.11400,0.09900,335.18180,8.00000
115.00000,101.63300,247.28500,17.37800,0.12700,341.78340,8.00000
124.00000,376.34200,262.29500,15.93500,0.09500,334.63010,8.00000
130.00000,285.26900,275.15400,13.75700,0.09900,338.37300,8.00000
133.00000,77.83000,282.87700,19.04500,0.50600,347.70660,8.00000
137.00000,300.18300,303.48200,15.01400,0.08800,337.46620,8.00000
159.00000,276.25000,357.11400,15.96000,0.09100,336.50140,8.00000
178.00000,270.65200,396.77300,16.30400,0.09400,370.54430,8.00000
186.00000,63.86900,409.88400,18.98500,0.38400,366.18460,8.00000
193.00000,404.17000,426.98600,17.83400,0.23800,333.46090,8.00000
197.00000,338.71800,433.23400,16.17300,0.10700,337.89920,8.00000
214.00000,457.71900,465.44800,14.26400,0.09300,336.83730,8.00000
219.00000,79.73400,473.33700,15.24100,0.08500,369.98690,8.00000
230.00000,55.18300,505.89300,17.05000,0.12400,375.41820,8.00000
17.00000,224.60400,46.07300,19.13800,0.44100,334.67600,9.00000
47.00000,12.82600,119.08100,19.05000,0.40000,340.95300,9.00000
138.00000,165.21700,305.14400,17.27500,0.19700,337.60360,10.00000
192.00000,258.03600,424.25800,16.67800,0.10300,349.15410,10.00000
142.00000,163.79200,308.13800,19.06500,0.42500,338.39900,16.00000
196.00000,405.33400,431.31900,19.00200,0.35600,333.14320,16.00000
