5.00000,219.18100,11.94000,17.18500,0.13800,245.05790,4.00000
9.00000,503.53700,25.91800,15.16500,0.11700,245.17120,4.00000
10.00000,106.33200,31.74900,18.00800,0.16700,245.98800,4.00000
14.00000,493.88900,48.84300,13.69800,0.11600,248.34600,4.00000
16.00000,70.69100,57.67900,17.74100,0.11000,244.77880,4.00000
20.00000,123.27400,71.15300,18.00000,0.14600,245.50570,4.00000
28.00000,191.10800,102.20700,18.41400,0.22500,245.85480,4.00000
29.00000,79.50800,104.76900,16.87900,0.13700,246.07650,4.00000
30.00000,142.73300,113.75500,16.41400,0.10900,247.52700,4.00000
40.00000,34.87800,149.94700,15.47200,0.09900,244.95860,4.00000
41.00000,5.47600,152.82800,14.82900,0.11300,243.04730,4.00000
44.00000,232.37000,166.42100,17.28800,0.10600,253.11660,4.00000
45.00000,370.26100,167.55600,16.87000,0.09100,248.03490,4.00000
46.00000,32.44900,169.82000,16.39100,0.09600,244.78370,4.00000
47.00000,178.40700,170.57500,16.92400,0.11600,248.67970,4.00000
50.00000,398.59200,187.79300,16.91000,0.07900,250.14150,4.00000
49.00000,257.13500,188.80900,16.91600,0.10000,248.92440,4.00000
51.00000,401.78500,194.84600,17.32600,0.11300,251.09980,4.00000
53.00000,58.86600,202.22800,16.97300,0.10600,247.05310,4.00000
54.00000,26.73200,204.42400,13.65900,0.09600,243.92920,4.00000
55.00000,499.20100,211.26300,17.80400,0.13400,248.07030,4.00000
63.00000,28.43000,237.77700,16.85700,0.10500,243.17450,4.00000
67.00000,222.02200,258.61500,15.82700,0.08500,249.96330,4.00000
71.00000,175.23100,281.73400,16.91100,0.11100,249.61840,4.00000
74.00000,214.17500,308.67400,16.74200,0.07100,251.38420,4.00000
97.00000,237.47700,432.29900,17.52200,0.09500,252.89070,4.00000
106.00000,452.70900,469.60800,13.87900,0.07900,253.22420,4.00000
112.00000,287.74200,498.15700,17.38100,0.13300,249.45360,4.00000
114.00000,50.31000,509.79100,16.83600,0.10300,246.69840,4.00000
1.00000,242.36000,1.78800,17.53200,0.13300,243.25340,5.00000
3.00000,65.69300,3.79800,14.71000,0.12200,245.09130,5.00000
6.00000,350.87100,18.31400,15.44000,0.10600,244.46080,5.00000
8.00000,467.05200,20.15700,17.57000,0.15800,245.33800,5.00000
11.00000,183.58500,34.15900,14.84600,0.11300,241.72570,5.00000
12.00000,318.29700,36.94200,17.47800,0.13200,245.95270,5.00000
15.00000,182.40000,49.58100,17.64600,0.11900,244.25340,5.00000
21.00000,376.68200,72.86100,15.73200,0.09300,246.90280,5.00000
23.00000,270.56000,81.89100,15.31700,0.09700,246.58350,5.00000
31.00000,325.23800,112.86300,16.21100,0.07100,247.14100,5.00000
33.00000,64.02100,122.86800,14.76400,0.10800,244.75900,5.00000
34.00000,253.33400,124.35300,17.65500,0.12800,245.58900,5.00000
35.00000,282.63700,127.31800,16.28600,0.09800,248.34650,5.00000
37.00000,155.32300,139.68700,17.69800,0.15200,248.52620,5.00000
39.00000,302.60900,146.46000,10.66500,0.08200,260.87280,5.00000
42.00000,498.33600,152.90600,17.19500,0.11500,247.82980,5.00000
43.00000,219.40000,162.04800,10.87700,0.09000,260.07190,5.00000
48.00000,374.50500,170.56300,15.98400,0.07400,249.89620,5.00000
52.00000,356.48200,200.38200,16.42300,0.08500,247.88290,5.00000
56.00000,55.56800,213.17300,17.03000,0.08700,246.85740,5.00000
58.00000,394.60100,220.34100,17.69600,0.11100,248.28520,5.00000
60.00000,181.91400,231.67300,18.02700,0.15000,246.94480,5.00000
61.00000,142.46900,234.04800,17.41700,0.09100,246.80010,5.00000
62.00000,492.34300,236.28700,14.77300,0.07700,250.04630,5.00000
64.00000,96.63100,245.14500,14.32900,0.07800,248.11460,5.00000
65.00000,316.38600,251.38400,17.82000,0.15300,248.54870,5.00000
68.00000,371.40300,266.49100,15.49500,0.07400,252.06250,5.00000
69.00000,249.09500,271.03600,17.51000,0.10700,250.47450,5.00000
70.00000,255.49600,274.46300,16.36200,0.07600,249.44260,5.00000
73.00000,414.46500,301.03100,18.30000,0.20100,251.59960,5.00000
76.00000,295.20600,307.72100,14.62900,0.07900,251.51550,5.00000
78.00000,364.62400,315.74700,19.36200,0.49900,251.94250,5.00000
79.00000,344.71300,321.42600,15.97900,0.06800,253.66350,5.00000
81.00000,307.78200,325.72400,16.16500,0.08100,250.64360,5.00000
84.00000,42.73500,378.00800,16.25500,0.07100,245.31470,5.00000
85.00000,148.59400,389.12500,16.58800,0.08300,249.04560,5.00000
87.00000,284.58100,390.57600,17.12300,0.07600,266.71470,5.00000
88.00000,3.78100,393.02000,13.86200,0.09200,247.46160,5.00000
90.00000,114.39600,399.77600,16.91100,0.07600,248.05520,5.00000
92.00000,189.85700,403.98300,17.24100,0.09000,249.99600,5.00000
94.00000,389.99700,406.01500,16.33400,0.09900,253.46510,5.00000
96.00000,398.67900,431.37500,17.35200,0.12300,254.39780,5.00000
110.00000,74.75600,477.34600,14.99200,0.07600,249.67080,5.00000
113.00000,427.67200,501.74500,16.86500,0.07300,252.89430,5.00000
4.00000,411.21700,4.49000,18.13300,0.21300,247.53540,6.00000
7.00000,1.10700,19.47100,17.26200,0.23500,242.36200,6.00000
13.00000,460.69200,48.07600,15.72100,0.09900,247.09540,6.00000
17.00000,15.75100,61.32800,14.00300,0.13000,244.24200,6.00000
19.00000,328.77400,67.06500,15.43700,0.09000,244.48590,6.00000
25.00000,347.30100,89.89700,17.77700,0.15500,246.49280,6.00000
26.00000,374.30800,93.54800,16.76100,0.08700,245.36260,6.00000
32.00000,366.54800,120.20400,16.80000,0.09000,248.15450,6.00000
36.00000,222.04600,128.76400,17.61400,0.08400,247.17230,6.00000
59.00000,432.24100,223.90900,15.22500,0.07700,248.66700,6.00000
66.00000,129.72500,258.87100,13.05500,0.08600,252.45480,6.00000
75.00000,160.06500,309.45600,16.77100,0.09700,252.80070,6.00000
82.00000,248.58100,358.18300,18.02500,0.13800,254.00480,6.00000
83.00000,194.05300,363.72100,14.86500,0.08500,253.96720,6.00000
103.00000,1.90200,454.47700,16.71400,0.08100,244.76970,6.00000
105.00000,322.75000,458.90600,17.54900,0.14200,253.38110,6.00000
109.00000,87.39800,474.97300,15.74700,0.08000,248.55750,6.00000
111.00000,82.90300,479.53400,15.61800,0.08600,249.25510,6.00000
95.00000,253.12800,428.43900,16.45600,0.08700,255.93100,7.00000
104.00000,451.07200,454.23300,18.94100,0.40300,254.23500,7.00000
2.00000,151.36700,2.32300,19.35800,0.46100,243.77190,8.00000
98.00000,333.80800,437.55000,15.91200,0.06600,254.92020,8.00000
100.00000,359.52300,440.22500,16.44700,0.09200,253.83330,8.00000
91.00000,273.19400,404.68900,9.88900,0.06500,300.65200,9.00000
108.00000,83.55300,474.86500,17.74800,0.23300,249.52000,10.00000
89.00000,265.75400,400.44700,16.29100,0.10400,279.97080,11.00000
