2.00000,68.66800,5.41200,14.91600,0.07200,218.59750,4.00000
3.00000,414.28900,6.11200,18.06300,0.12000,219.99190,4.00000
10.00000,289.52800,31.94500,17.85900,0.10100,219.17230,4.00000
11.00000,109.13500,33.15500,18.21900,0.12400,217.00890,4.00000
16.00000,496.71500,50.51200,13.86500,0.04700,222.96780,4.00000
18.00000,73.70200,59.44000,18.09500,0.12700,218.07410,4.00000
25.00000,292.13900,90.91500,18.02100,0.13400,219.48590,4.00000
27.00000,377.13800,95.06200,17.01400,0.07300,220.27930,4.00000
32.00000,145.64900,115.31000,16.61500,0.04100,218.16440,4.00000
33.00000,266.22700,115.89900,18.29900,0.11100,218.51170,4.00000
35.00000,256.04500,126.21900,17.88000,0.09900,221.37550,4.00000
37.00000,225.06700,130.45400,17.85800,0.11300,220.09180,4.00000
41.00000,8.39200,154.48200,15.04500,0.03700,216.02400,4.00000
44.00000,235.20100,167.73500,17.42100,0.06400,222.68180,4.00000
47.00000,35.36300,171.36600,16.57600,0.04900,216.75490,4.00000
49.00000,377.22000,172.08700,16.19100,0.03700,219.34610,4.00000
51.00000,259.94300,190.48400,17.27700,0.09800,220.38000,4.00000
52.00000,147.34600,194.72800,18.27200,0.15100,219.15130,4.00000
53.00000,404.66600,196.09400,17.78500,0.09100,218.95900,4.00000
54.00000,359.09600,201.93100,16.60200,0.04800,219.18000,4.00000
56.00000,29.60500,206.08300,13.86700,0.03900,218.81560,4.00000
57.00000,501.91700,213.17900,18.23000,0.09300,219.90760,4.00000
59.00000,52.36600,218.31200,17.21000,0.06900,218.02400,4.00000
67.00000,453.50000,246.82400,18.11600,0.12000,220.01010,4.00000
69.00000,319.27600,252.55400,18.22200,0.13700,218.33240,4.00000
73.00000,380.25300,266.54400,15.65900,0.05300,219.62260,4.00000
79.00000,152.48100,301.31300,16.56700,0.05800,219.74240,4.00000
80.00000,417.86800,302.49800,18.85400,0.30100,220.09720,4.00000
82.00000,217.13200,310.34000,16.96200,0.05700,219.79150,4.00000
83.00000,162.87300,310.92100,17.02800,0.06100,219.02170,4.00000
85.00000,217.42200,327.17200,16.22500,0.05000,219.84720,4.00000
87.00000,262.98200,327.94500,18.40100,0.15900,220.25840,4.00000
88.00000,410.21800,328.56100,13.31300,0.04700,221.68030,4.00000
91.00000,274.10100,362.52900,15.84400,0.04500,222.80210,4.00000
93.00000,45.46300,379.63500,16.41300,0.03700,218.95460,4.00000
94.00000,151.37900,390.58500,16.81000,0.05900,219.21950,4.00000
95.00000,287.53600,391.68200,17.60700,0.09200,235.39210,4.00000
102.00000,392.73400,407.54200,16.58600,0.05600,218.78840,4.00000
107.00000,336.61300,438.89600,16.12000,0.04900,220.59630,4.00000
108.00000,362.23200,441.52600,16.57000,0.04700,218.65370,4.00000
109.00000,303.45800,451.17000,18.32000,0.16400,221.42960,4.00000
110.00000,4.82900,456.02500,17.04200,0.06500,217.87840,4.00000
111.00000,325.55600,460.12600,17.86100,0.11500,221.62050,4.00000
112.00000,422.07100,468.52000,17.26300,0.07700,223.92110,4.00000
115.00000,77.56500,478.87300,15.17700,0.02700,219.68870,4.00000
117.00000,426.66800,488.46000,18.18500,0.13000,223.68680,4.00000
118.00000,290.49500,499.39900,17.76100,0.10500,221.42420,4.00000
120.00000,430.49000,503.06700,17.11000,0.08300,223.21850,4.00000
121.00000,53.10600,511.24900,17.07300,0.06200,219.88260,4.00000
4.00000,222.26500,13.73200,17.33300,0.08700,219.02780,5.00000
6.00000,353.77200,20.10000,15.67600,0.05700,220.05850,5.00000
7.00000,4.61200,21.13000,17.44400,0.07200,217.47370,5.00000
8.00000,470.05600,21.74900,17.69900,0.09500,221.38110,5.00000
9.00000,506.39200,27.60600,15.43600,0.05600,221.90710,5.00000
13.00000,321.06000,38.63500,17.78900,0.08400,217.52040,5.00000
15.00000,463.52800,49.78000,15.95200,0.04700,220.77990,5.00000
17.00000,185.29500,51.33800,17.84300,0.09800,219.56340,5.00000
19.00000,18.70900,63.04200,14.12200,0.06900,217.94950,5.00000
21.00000,379.50400,74.55500,15.93100,0.04800,220.47200,5.00000
24.00000,273.44100,83.47800,15.54200,0.03300,219.46410,5.00000
26.00000,350.27400,91.41900,18.02800,0.13500,218.64430,5.00000
28.00000,472.19500,97.19100,19.28200,0.33800,219.30880,5.00000
29.00000,383.15800,99.19000,18.30800,0.11900,220.65680,5.00000
31.00000,328.11400,114.32600,16.38200,0.04100,218.49620,5.00000
34.00000,66.94100,124.53500,14.89000,0.03400,218.31320,5.00000
38.00000,325.68500,140.33500,17.38300,0.08000,221.91470,5.00000
39.00000,305.41400,148.09500,10.82600,0.01500,232.71470,5.00000
40.00000,37.81200,151.60800,15.65100,0.03400,216.49760,5.00000
43.00000,222.28800,163.62700,10.96800,0.02500,234.28450,5.00000
48.00000,181.44300,172.08000,17.14000,0.06200,219.51320,5.00000
50.00000,401.32700,189.29400,17.25700,0.06400,220.38880,5.00000
55.00000,61.70000,203.97000,17.33700,0.06500,217.66170,5.00000
58.00000,58.41200,214.82400,17.14000,0.06100,217.18770,5.00000
60.00000,490.06500,219.01300,18.46200,0.14300,218.21430,5.00000
61.00000,396.92700,222.11300,17.99300,0.09000,220.24960,5.00000
64.00000,495.12700,237.81600,14.93500,0.03200,220.11340,5.00000
65.00000,31.34700,239.45500,17.07600,0.05800,219.08400,5.00000
68.00000,99.52800,252.53600,17.20600,0.09000,219.20490,5.00000
72.00000,224.92800,260.13000,16.09000,0.04100,216.98540,5.00000
70.00000,117.28800,260.38500,17.46100,0.08000,219.44190,5.00000
74.00000,374.08500,267.95600,15.75000,0.03000,219.43890,5.00000
75.00000,251.91600,272.45800,17.60000,0.10400,220.28630,5.00000
76.00000,258.19800,276.05900,16.72900,0.04800,220.66080,5.00000
77.00000,283.08800,280.55600,13.17800,0.03900,221.47840,5.00000
78.00000,178.18800,283.25800,17.20300,0.08000,218.42770,5.00000
90.00000,251.19300,359.78400,18.15800,0.09500,221.32990,5.00000
104.00000,255.98900,429.76600,16.73700,0.04900,227.68370,5.00000
105.00000,401.57500,432.61900,17.49000,0.07500,220.28670,5.00000
116.00000,85.65300,481.19800,15.80400,0.05000,222.50750,5.00000
119.00000,212.70000,501.86500,19.46700,0.39800,219.63520,5.00000
1.00000,245.15700,3.70900,17.88000,0.11100,219.77930,6.00000
14.00000,72.88800,45.70300,18.41100,0.16900,219.82570,6.00000
20.00000,331.60800,68.76500,15.65700,0.03700,219.83600,6.00000
22.00000,21.99400,77.58500,19.19800,0.42500,215.65970,6.00000
42.00000,501.09800,154.42500,17.49700,0.08300,222.12290,6.00000
62.00000,435.10400,225.40000,15.40400,0.04400,220.13430,6.00000
66.00000,99.49700,246.71000,14.54300,0.02500,220.20940,6.00000
71.00000,132.59000,260.42400,13.18400,0.03400,223.52280,6.00000
81.00000,298.01100,309.15700,14.80000,0.03700,220.49880,6.00000
86.00000,310.42700,327.25500,16.31600,0.04400,219.15290,6.00000
89.00000,443.29600,333.00700,13.72300,0.03900,222.87390,6.00000
92.00000,196.93500,365.14500,14.98500,0.03900,219.85130,6.00000
12.00000,186.45400,35.97900,15.03100,0.04500,220.52220,7.00000
30.00000,82.42900,106.33700,17.13000,0.06200,218.94780,7.00000
45.00000,373.04100,169.11200,17.17100,0.06300,218.69370,7.00000
46.00000,393.85900,170.74900,17.71300,0.08700,219.44610,7.00000
63.00000,145.24800,235.69500,17.71000,0.11800,220.46310,7.00000
96.00000,6.70500,394.54300,14.03500,0.03800,218.23630,7.00000
97.00000,117.15500,401.09500,17.25500,0.07100,219.41470,7.00000
113.00000,455.43500,471.04300,14.12000,0.04200,223.88980,7.00000
114.00000,90.23000,476.62600,15.85600,0.04500,221.12070,7.00000
36.00000,285.40100,129.05000,16.44900,0.03800,220.70070,8.00000
106.00000,240.35300,433.57900,17.78300,0.08600,222.82260,8.00000
84.00000,347.46800,322.82800,16.17400,0.05200,217.43550,9.00000
101.00000,275.10000,405.73600,10.81800,0.27800,275.16760,9.00000
100.00000,192.77400,405.48700,17.46300,0.07100,221.22120,9.00000
98.00000,268.11400,402.76200,16.44300,0.14100,250.70830,22.00000
103.00000,276.48800,421.22400,17.70300,0.13800,233.93790,22.00000
99.00000,277.24600,405.41500,10.42700,0.11200,273.18840,29.00000
