2.00000,68.79200,5.72200,14.72500,0.12000,215.58620,4.00000
21.00000,292.50900,91.18700,17.77000,0.15800,218.16410,4.00000
31.00000,256.23800,126.33500,17.76600,0.10000,219.72660,4.00000
48.00000,404.88200,196.61900,17.44100,0.11000,217.26190,4.00000
86.00000,276.44300,405.93100,9.78700,0.06300,276.35760,4.00000
87.00000,256.12200,430.18500,16.49500,0.09100,226.32300,4.00000
1.00000,245.41100,4.01600,17.59100,0.17200,218.91880,5.00000
4.00000,222.32700,14.11700,17.15500,0.12100,217.75830,5.00000
5.00000,353.95900,20.38400,15.46100,0.10400,219.60970,5.00000
8.00000,506.59600,27.83200,15.24600,0.12600,220.11320,5.00000
10.00000,109.41600,33.56200,17.94300,0.13900,217.63190,5.00000
12.00000,321.12000,38.94500,17.48600,0.16100,218.30550,5.00000
13.00000,463.71700,50.07300,15.79400,0.12100,220.00570,5.00000
16.00000,73.86300,60.07400,17.77800,0.13200,217.22470,5.00000
18.00000,331.79600,69.07000,15.51600,0.11000,219.05810,5.00000
24.00000,383.39900,99.33200,18.01300,0.16900,218.97930,5.00000
29.00000,369.33700,122.08600,16.86600,0.11900,218.15810,5.00000
36.00000,8.48200,154.72800,14.83200,0.10600,213.91390,5.00000
40.00000,373.21100,169.49200,16.92700,0.10800,219.23460,5.00000
50.00000,61.82800,204.36300,17.08900,0.08900,216.63400,5.00000
57.00000,145.37800,235.95100,17.46900,0.09200,217.09270,5.00000
60.00000,99.67200,247.08700,14.37400,0.08400,216.06460,5.00000
65.00000,380.45400,266.93900,15.52200,0.07600,220.16640,5.00000
70.00000,162.99000,311.20200,16.82300,0.06900,218.10100,5.00000
74.00000,125.75100,334.66100,19.19400,0.49100,218.19650,5.00000
78.00000,45.63300,379.95900,16.23200,0.07300,216.10550,5.00000
80.00000,287.64700,392.31000,17.24100,0.09500,234.28320,5.00000
81.00000,6.81800,394.90900,13.87500,0.09300,219.45830,5.00000
98.00000,90.36500,476.88900,15.69500,0.07500,219.98420,5.00000
3.00000,414.40300,6.77100,18.06400,0.14700,219.55380,6.00000
6.00000,4.77900,21.48400,17.30400,0.16300,217.84050,6.00000
7.00000,470.08700,22.20200,17.55100,0.12300,220.52540,6.00000
9.00000,289.39800,31.81200,17.87600,0.13800,217.98530,6.00000
11.00000,186.65800,36.19300,14.96700,0.13200,219.44460,6.00000
14.00000,496.92100,50.77600,13.69400,0.11200,220.70380,6.00000
15.00000,185.33500,51.73100,17.73300,0.17200,220.42490,6.00000
17.00000,18.82900,63.35500,13.93300,0.13300,217.67550,6.00000
19.00000,379.67800,74.73000,15.73300,0.09400,217.91910,6.00000
20.00000,273.62200,83.72500,15.36500,0.10100,217.65840,6.00000
22.00000,350.06100,91.71600,17.96200,0.15900,218.80010,6.00000
25.00000,82.64400,106.70300,16.81800,0.12300,218.42890,6.00000
27.00000,328.26100,114.67200,16.19700,0.08800,219.45410,6.00000
30.00000,67.07900,124.78500,14.73300,0.09200,218.25670,6.00000
35.00000,37.95000,151.82400,15.47100,0.09400,216.71830,6.00000
37.00000,501.48600,154.76900,17.35900,0.13800,218.93930,6.00000
39.00000,235.34400,168.10700,17.49200,0.13100,221.81880,6.00000
41.00000,35.50800,171.61600,16.41600,0.11000,218.00830,6.00000
46.00000,260.03800,190.62700,17.02500,0.09100,216.44270,6.00000
52.00000,502.27300,213.43800,17.85400,0.11500,219.62810,6.00000
53.00000,58.61100,215.16200,16.95400,0.11600,216.37650,6.00000
54.00000,52.39600,218.90500,17.14700,0.14100,217.52060,6.00000
55.00000,435.21200,225.66500,15.31300,0.08700,216.92810,6.00000
58.00000,495.30700,238.12900,14.78100,0.07900,218.39540,6.00000
59.00000,31.44400,239.73900,16.87000,0.09000,216.46500,6.00000
62.00000,99.65300,252.81800,17.08200,0.11200,217.36260,6.00000
64.00000,132.74300,260.72700,13.06000,0.09300,221.25070,6.00000
68.00000,283.25500,280.89800,13.08200,0.06500,221.95230,6.00000
75.00000,274.20700,362.92800,15.66300,0.06400,219.82580,6.00000
83.00000,117.44700,401.41000,16.95000,0.09600,218.02530,6.00000
85.00000,192.94700,405.71600,17.42700,0.09800,218.07320,6.00000
89.00000,401.68100,433.25900,17.30500,0.09400,219.38150,6.00000
88.00000,240.22400,434.04500,17.49800,0.11600,222.32920,6.00000
91.00000,336.81100,439.31400,15.90200,0.08600,218.17440,6.00000
93.00000,438.87200,441.71900,18.92500,0.39700,220.30370,6.00000
92.00000,362.42100,441.83100,16.43900,0.08800,222.11720,6.00000
94.00000,5.02700,456.41100,16.99300,0.11800,218.20530,6.00000
96.00000,422.15800,469.22200,16.90900,0.08800,219.28720,6.00000
99.00000,77.70600,479.27000,15.04200,0.07800,219.03790,6.00000
100.00000,85.76100,481.48900,15.57500,0.09100,220.90950,6.00000
101.00000,426.87200,488.72100,17.68600,0.10800,218.97020,6.00000
102.00000,290.57600,500.01400,17.45200,0.10600,219.82830,6.00000
23.00000,377.35300,95.41400,16.82800,0.10800,218.94260,7.00000
28.00000,145.69600,115.58500,16.51600,0.09600,217.88820,7.00000
32.00000,285.72800,129.37100,16.35700,0.09900,220.00910,7.00000
33.00000,325.91800,140.68600,17.22700,0.09800,220.18670,7.00000
34.00000,305.61400,148.41900,10.73300,0.06700,232.64180,7.00000
43.00000,377.41700,172.40200,16.02600,0.07700,219.32750,7.00000
42.00000,181.57500,172.41400,17.05100,0.09200,218.01940,7.00000
47.00000,147.45900,195.39700,18.16300,0.18200,218.01260,7.00000
51.00000,29.75500,206.43700,13.69500,0.09300,217.57910,7.00000
56.00000,444.85600,229.91400,19.45500,0.50800,217.11450,7.00000
63.00000,225.05900,260.46700,15.88100,0.08000,217.30440,7.00000
66.00000,374.34900,268.38700,15.56500,0.07900,219.89760,7.00000
67.00000,258.43300,276.42900,16.51300,0.11400,217.27670,7.00000
69.00000,298.19500,309.47000,14.63100,0.08400,219.98580,7.00000
71.00000,347.62000,323.21800,15.99600,0.07700,218.18030,7.00000
77.00000,76.09400,372.62300,18.08600,0.15400,215.34330,7.00000
79.00000,151.50000,391.02900,16.73300,0.08700,216.94350,7.00000
103.00000,53.30400,511.44200,16.81200,0.08500,217.86410,7.00000
38.00000,222.46700,163.94700,10.87600,0.08700,230.60290,8.00000
45.00000,401.73700,189.60400,17.13000,0.10900,217.86920,8.00000
49.00000,359.31800,202.31800,16.39000,0.07800,217.73380,8.00000
72.00000,410.37800,328.94700,13.22700,0.07700,221.36090,8.00000
73.00000,443.55400,333.40800,13.58400,0.09000,220.92080,8.00000
76.00000,197.01400,365.47700,14.83900,0.08300,219.89280,8.00000
95.00000,325.60300,460.44500,17.49900,0.14300,219.93050,8.00000
97.00000,455.65300,471.40700,13.95600,0.09000,222.54500,8.00000
61.00000,453.79000,247.14900,17.92200,0.13400,216.59920,9.00000
