204.00000,292.57400,493.92700,17.88900,0.17800,344.32490,4.00000
1.00000,224.81000,8.36400,17.21000,0.10100,329.56250,5.00000
11.00000,323.44400,33.18500,17.75600,0.17100,332.36420,5.00000
16.00000,188.09100,45.82700,17.90500,0.13900,330.09890,5.00000
33.00000,203.80900,95.62300,18.56000,0.33600,325.88730,5.00000
36.00000,336.20800,105.84300,19.04000,0.44300,329.93540,5.00000
39.00000,268.60700,110.39800,18.10200,0.18500,330.30610,5.00000
47.00000,160.93300,135.70400,17.84200,0.16200,328.00170,5.00000
54.00000,503.63700,148.84600,17.47200,0.10000,332.23270,5.00000
56.00000,168.20100,153.86700,18.52400,0.28400,327.77720,5.00000
69.00000,183.91800,166.40600,17.19900,0.10400,330.66740,5.00000
110.00000,382.76800,260.99000,15.79700,0.09100,331.50540,5.00000
114.00000,254.43500,266.82600,17.58000,0.16100,331.18330,5.00000
144.00000,276.63700,356.95400,15.95200,0.08900,336.68350,5.00000
151.00000,353.33300,373.65900,18.84800,0.37900,329.23350,5.00000
155.00000,289.90200,386.20800,17.61200,0.10000,346.52660,5.00000
162.00000,195.30900,399.45600,17.74700,0.13400,341.45610,5.00000
170.00000,404.24400,426.88900,17.60500,0.14900,327.62340,5.00000
187.00000,424.77500,463.06200,17.27900,0.12200,332.19240,5.00000
197.00000,118.04600,480.05800,19.07200,0.49500,363.52670,5.00000
4.00000,7.00100,15.61100,17.30900,0.13800,335.84310,6.00000
5.00000,472.23900,16.55500,17.64200,0.12400,334.11070,6.00000
23.00000,382.14100,69.00300,16.09000,0.09100,331.61830,6.00000
29.00000,295.03500,85.35400,17.97200,0.19900,330.82230,6.00000
35.00000,85.06600,100.67900,17.10600,0.11300,333.59560,6.00000
43.00000,287.94900,123.33300,16.57000,0.06600,330.92340,6.00000
46.00000,328.50000,134.67300,17.43100,0.12200,331.73470,6.00000
51.00000,10.88000,149.06000,15.10100,0.09600,341.30990,6.00000
63.00000,238.12400,162.04500,17.54100,0.12500,337.72670,6.00000
65.00000,375.70900,163.42300,17.37300,0.14300,331.56520,6.00000
78.00000,262.69000,184.87300,17.31200,0.14000,329.66560,6.00000
79.00000,361.89900,196.29800,16.77400,0.07500,330.40150,6.00000
88.00000,492.43900,213.37000,18.16800,0.24700,330.99380,6.00000
101.00000,456.11400,241.05700,18.23500,0.21400,328.98130,6.00000
105.00000,119.96300,254.57200,17.48200,0.13400,334.08000,6.00000
109.00000,340.28400,258.74500,19.01700,0.49400,328.99590,6.00000
118.00000,350.47300,274.50300,18.88400,0.52200,329.79850,6.00000
119.00000,180.66300,277.69700,17.33800,0.11200,331.90840,6.00000
150.00000,47.95400,374.07100,16.56300,0.08800,358.84450,6.00000
152.00000,219.84000,380.06500,18.80300,0.35700,333.89120,6.00000
161.00000,278.55400,399.62200,9.84500,0.04200,388.39190,6.00000
169.00000,258.54000,424.11800,16.85500,0.11200,343.22520,6.00000
171.00000,242.60200,427.80100,17.83100,0.15500,341.57660,6.00000
172.00000,129.39400,434.06900,19.10100,0.47600,354.94550,6.00000
181.00000,305.65900,445.59400,18.72200,0.41700,338.33610,6.00000
182.00000,7.21900,450.42000,17.10100,0.11900,364.60380,6.00000
185.00000,328.04700,454.57000,17.60500,0.15000,335.39840,6.00000
191.00000,92.69200,471.04600,15.96000,0.07600,364.23710,6.00000
193.00000,80.01800,473.31900,15.29300,0.06900,368.06490,6.00000
200.00000,429.31300,483.03000,18.31400,0.29300,331.18150,6.00000
207.00000,55.56900,505.99400,17.08800,0.12300,368.86680,6.00000
208.00000,5.45800,508.36600,16.91000,0.09700,370.95430,6.00000
8.00000,508.97300,22.19900,15.45900,0.10200,330.39690,7.00000
10.00000,189.03200,30.40500,15.14300,0.08200,331.57860,7.00000
14.00000,465.98700,44.39800,15.99700,0.08700,334.84890,7.00000
15.00000,499.32600,45.18500,13.98600,0.08900,336.66090,7.00000
19.00000,76.23600,54.26600,18.05900,0.18300,332.71490,7.00000
20.00000,21.16200,57.69400,14.21900,0.11000,337.29590,7.00000
22.00000,334.11300,63.18400,15.85700,0.09000,331.53490,7.00000
30.00000,379.73100,89.63200,17.02500,0.10100,333.97230,7.00000
32.00000,52.36300,94.50100,18.55900,0.31300,336.40810,7.00000
40.00000,371.92600,116.38600,17.02400,0.08900,329.31820,7.00000
41.00000,69.46100,119.08400,15.02200,0.09700,335.99110,7.00000
50.00000,40.28700,146.12900,15.77400,0.08400,338.45400,7.00000
66.00000,396.95700,165.05000,17.83700,0.16500,332.16330,7.00000
77.00000,403.91700,183.57500,17.23300,0.12700,329.83760,7.00000
80.00000,64.12200,198.16400,17.29800,0.15000,338.59630,7.00000
81.00000,32.07000,200.51400,13.99500,0.08000,343.89770,7.00000
87.00000,54.90800,212.77700,17.27200,0.12600,341.52320,7.00000
96.00000,147.77100,229.96000,17.79500,0.17000,331.60280,7.00000
98.00000,497.70200,232.25500,15.10200,0.08200,328.24880,7.00000
99.00000,33.81400,233.80000,17.04800,0.10400,345.10700,7.00000
100.00000,101.98300,241.17500,14.62200,0.08300,338.12850,7.00000
106.00000,135.05900,254.91400,13.35600,0.07600,334.81170,7.00000
120.00000,154.99000,295.50800,16.60400,0.10600,333.51290,7.00000
121.00000,420.41500,297.67500,18.62100,0.28900,330.62810,7.00000
123.00000,165.38300,305.04600,17.23900,0.13200,331.87910,7.00000
125.00000,144.05600,308.50600,19.15800,0.46800,334.58390,7.00000
126.00000,66.23800,317.45000,19.07600,0.45100,349.37180,7.00000
132.00000,312.96800,321.56800,16.49900,0.08000,330.41260,7.00000
153.00000,153.87700,385.05800,16.91700,0.11900,345.21690,7.00000
156.00000,9.11000,389.12000,14.15700,0.08500,361.53160,7.00000
158.00000,119.95500,395.59200,17.29600,0.08400,351.18020,7.00000
159.00000,323.69700,396.62600,18.84800,0.41500,333.28650,7.00000
195.00000,88.10400,475.43100,15.92100,0.09400,367.22880,7.00000
206.00000,433.10600,497.53000,17.07900,0.08000,333.39540,7.00000
3.00000,356.37900,14.60600,15.90200,0.09600,331.49090,8.00000
21.00000,48.59400,63.09200,19.25100,0.53400,336.87680,8.00000
26.00000,275.95000,78.03000,15.65400,0.08400,328.93300,8.00000
37.00000,330.76300,108.88500,16.56200,0.11100,330.58500,8.00000
38.00000,148.14300,109.85400,16.80600,0.09800,329.67320,8.00000
48.00000,308.04500,142.47000,11.04000,0.07100,344.47390,8.00000
55.00000,139.13000,153.37500,18.73600,0.37500,327.63670,8.00000
58.00000,224.83700,158.16700,11.15300,0.08400,344.71370,8.00000
67.00000,37.83300,165.84000,16.67000,0.09600,338.44690,8.00000
70.00000,380.01600,166.43700,16.39500,0.09100,331.50200,8.00000
85.00000,61.11500,209.52300,17.39400,0.09800,340.65460,8.00000
89.00000,399.67200,216.16600,18.27100,0.25700,330.91600,8.00000
94.00000,437.61900,219.90200,15.64600,0.07900,332.01920,8.00000
95.00000,187.26000,227.30300,18.21500,0.20100,329.13540,8.00000
107.00000,227.44200,254.47300,16.29500,0.09000,330.17550,8.00000
116.00000,316.89400,269.28000,19.05900,0.46900,328.72190,8.00000
117.00000,285.67400,275.04700,13.78300,0.08600,330.51120,8.00000
129.00000,349.91100,317.10200,16.34300,0.10000,330.72650,8.00000
130.00000,219.96400,321.48100,16.37000,0.08600,331.14460,8.00000
134.00000,412.83100,323.04600,13.54900,0.08500,332.37730,8.00000
136.00000,445.97800,327.33000,13.91200,0.08100,329.61020,8.00000
148.00000,368.80600,365.06100,18.84600,0.41100,329.16020,8.00000
163.00000,395.30300,401.74500,16.78100,0.11000,328.14360,8.00000
175.00000,339.11100,433.24600,16.23600,0.08400,332.20100,8.00000
176.00000,364.89800,436.07400,16.75300,0.10100,333.33200,8.00000
189.00000,458.08900,465.44500,14.25600,0.07500,330.99120,8.00000
202.00000,93.99700,488.68300,19.13400,0.50600,366.45060,8.00000
210.00000,354.59700,511.74400,17.62300,0.15000,338.12480,8.00000
18.00000,206.53900,46.52300,19.08900,0.43600,328.43020,9.00000
124.00000,300.58500,303.40600,15.00900,0.07600,330.86410,9.00000
111.00000,376.84300,262.21000,15.94000,0.09100,331.29520,10.00000
145.00000,199.47200,359.39300,15.23900,0.07100,334.74760,10.00000
